sensors 15
relays 66
cost 17 100
cost 18 100
cost 19 100
cost 20 100
cost 21 100
cost 22 100
cost 23 100
cost 24 100
cost 25 100
cost 26 100
cost 27 100
cost 28 100
cost 29 100
cost 30 100
cost 31 100
cost 32 100
cost 33 100
cost 34 100
cost 35 100
cost 36 100
cost 37 100
cost 38 100
cost 39 100
cost 40 100
cost 41 100
cost 42 100
cost 43 100
cost 44 100
cost 45 100
cost 46 100
cost 47 100
cost 48 100
cost 49 100
cost 50 100
cost 51 100
cost 52 100
cost 53 100
cost 54 100
cost 55 100
cost 56 100
cost 57 100
cost 58 100
cost 59 100
cost 60 100
cost 61 100
cost 62 100
cost 63 100
cost 64 100
cost 65 100
cost 66 100
cost 67 100
cost 68 100
cost 69 100
cost 70 100
cost 71 100
cost 72 100
cost 73 100
cost 74 100
cost 75 100
cost 76 100
cost 77 100
cost 78 100
cost 79 100
cost 80 100
cost 81 100
cost 82 100
e 2 6 89.3 61440 2.07117072554707e-07 5e-08
e 2 19 88.9 61440 2.47944388397592e-07 5e-08
e 2 29 88.4 61440 2.55150621645599e-07 5e-08
e 2 30 86.9 61440 1.08527750451418e-07 5e-08
e 2 31 84.7 61440 7.13391627907626e-08 5e-08
e 2 32 85.2 61440 7.27332534435887e-08 5e-08
e 2 34 84.9 61440 6.61408972134156e-08 5e-08
e 2 35 86.1 61440 6.36494876353662e-08 5e-08
e 2 36 86.4 61440 8.70404355637956e-08 5e-08
e 2 37 87.3 61440 7.57590025261496e-08 5e-08
e 2 39 89.6 61440 2.4683703207638e-07 5e-08
e 2 78 85.3 61440 5.43114516348509e-08 5e-08
e 2 79 88.2 61440 1.01669891196791e-07 5e-08
e 2 81 87.8 61440 1.18978664902968e-07 5e-08
e 2 82 87.3 61440 8.66986202149975e-08 5e-08
e 3 4 88.1 61440 1.3085791730618e-07 5e-08
e 3 11 89.9 61440 3.6839841857572e-07 5e-08
e 3 17 86.8 61440 6.55282321157132e-08 5e-08
e 3 18 86.2 61440 5.67194875892221e-08 5e-08
e 3 19 86.1 61440 6.44744204682318e-08 5e-08
e 3 26 86.3 61440 1.36742025298335e-07 5e-08
e 3 27 86.4 61440 8.13469422035425e-08 5e-08
e 3 28 87.2 61440 8.85370088878363e-08 5e-08
e 3 29 87.5 61440 8.94845151549459e-08 5e-08
e 3 30 88.4 61440 1.21104119602741e-07 5e-08
e 3 31 88.6 61440 2.50347183500462e-07 5e-08
e 3 78 89.8 61440 4.727148652797e-07 5e-08
e 3 81 88.2 61440 9.73518586506474e-08 5e-08
e 3 82 89.3 61440 1.81752262522265e-07 5e-08
e 4 3 88.1 61440 1.3085791730618e-07 5e-08
e 4 5 89.8 61440 6.36438015795681e-08 5e-08
e 4 8 87.8 61440 1.14401252637793e-07 5e-08
e 4 9 89.7 61440 9.74114043737674e-07 5e-08
e 4 14 89.4 61440 1.82298423444588e-07 5e-08
e 4 15 88.1 61440 2.93095438131902e-07 5e-08
e 4 18 87.8 61440 8.95503853547783e-08 5e-08
e 4 19 89.1 61440 2.62311695322434e-07 5e-08
e 4 26 87.7 61440 1.68616002920803e-07 5e-08
e 4 27 88.1 61440 9.78159916919858e-08 5e-08
e 4 28 85.2 61440 5.71443416521634e-08 5e-08
e 4 29 85.3 61440 6.78717719657113e-08 5e-08
e 4 30 88.2 61440 1.03201180365451e-07 5e-08
e 4 31 87.6 61440 2.05508482664629e-07 5e-08
e 4 39 88.2 61440 2.0887314181265e-07 5e-08
e 4 40 85.9 61440 8.02585676931895e-08 5e-08
e 4 41 86.5 61440 6.97905523473562e-08 5e-08
e 4 42 89.3 61440 1.74488539147044e-07 5e-08
e 4 43 87.7 61440 7.74814557346898e-08 5e-08
e 4 44 88.7 61440 1.03431702796249e-07 5e-08
e 4 45 89.5 61440 1.247121412275e-07 5e-08
e 4 53 89 61440 1.16919657222557e-07 5e-08
e 4 54 88.9 61440 1.74674250965662e-07 5e-08
e 4 70 89.8 61440 3.63739873077726e-07 5e-08
e 4 71 89.3 61440 2.04823725373235e-07 5e-08
e 4 72 89.1 61440 2.61558092718025e-07 5e-08
e 4 81 89.9 61440 3.99396958076614e-07 5e-08
e 5 4 89.8 61440 6.36438015795681e-08 5e-08
e 5 8 88.4 61440 9.64344229245077e-08 5e-08
e 5 14 89.2 61440 1.31819410348199e-07 5e-08
e 5 18 89.9 61440 1.79075268623422e-07 5e-08
e 5 27 89.2 61440 1.84092150075138e-07 5e-08
e 5 28 89.7 61440 9.05334020220611e-08 5e-08
e 5 30 88.7 61440 1.58911498818595e-07 5e-08
e 5 39 88.7 61440 1.63797553885643e-07 5e-08
e 5 40 86.5 61440 6.16158762314817e-08 5e-08
e 5 41 87.9 61440 5.0785075208006e-08 5e-08
e 5 42 88.9 61440 8.94924416864539e-08 5e-08
e 5 43 87 61440 5.71447170443245e-08 5e-08
e 5 44 88.6 61440 8.25890592619301e-08 5e-08
e 5 45 87.6 61440 7.97930637302576e-08 5e-08
e 5 52 87.9 61440 6.70263227083385e-08 5e-08
e 5 53 88 61440 7.39554616328323e-08 5e-08
e 5 54 88.4 61440 1.0571248885712e-07 5e-08
e 5 55 87.8 61440 1.72658518892144e-07 5e-08
e 5 70 88.7 61440 2.02192340086029e-07 5e-08
e 5 71 88.1 61440 1.12911730680147e-07 5e-08
e 6 2 89.3 61440 2.07117072554707e-07 5e-08
e 6 7 88.3 61440 6.03118264918291e-08 5e-08
e 6 8 88.2 61440 1.33500993292179e-07 5e-08
e 6 31 88.9 61440 1.56682512002277e-07 5e-08
e 6 32 87 61440 8.59584509880596e-08 5e-08
e 6 33 88.7 61440 5.70695283310429e-08 5e-08
e 6 38 88.5 61440 6.50489798553883e-08 5e-08
e 6 39 88.3 61440 8.69291046533665e-08 5e-08
e 6 40 89.9 61440 3.575764511644e-07 5e-08
e 6 54 87.9 61440 1.80102459496592e-07 5e-08
e 6 55 88.3 61440 1.06091123194119e-07 5e-08
e 6 56 88.3 61440 7.471370845669e-08 5e-08
e 6 57 88.5 61440 6.06097891217526e-08 5e-08
e 6 58 87.9 61440 6.77556498470954e-08 5e-08
e 7 6 88.3 61440 6.03118264918291e-08 5e-08
e 7 8 87.7 61440 8.2962425971033e-08 5e-08
e 7 30 87.8 61440 1.59394802938441e-07 5e-08
e 7 31 88.8 61440 1.14221643022424e-07 5e-08
e 7 32 88.6 61440 8.16062114582373e-08 5e-08
e 7 33 88.9 61440 5.31027458899624e-08 5e-08
e 7 38 88.6 61440 1.00274352240394e-07 5e-08
e 7 39 86 61440 5.82124078661143e-08 5e-08
e 7 40 88.3 61440 1.42775521187651e-07 5e-08
e 7 53 88.8 61440 1.96482138043181e-07 5e-08
e 7 54 88.4 61440 9.98047513801918e-08 5e-08
e 7 55 88.3 61440 7.32929569444724e-08 5e-08
e 7 56 88.2 61440 6.12212471145198e-08 5e-08
e 7 57 88.4 61440 6.71927766540466e-08 5e-08
e 7 58 88.6 61440 9.58945868133616e-08 5e-08
e 8 4 87.8 61440 1.14401252637793e-07 5e-08
e 8 5 88.4 61440 9.64344229245077e-08 5e-08
e 8 6 88.2 61440 1.33500993292179e-07 5e-08
e 8 7 87.7 61440 8.2962425971033e-08 5e-08
e 8 18 89.6 61440 3.66381958416345e-07 5e-08
e 8 28 88.4 61440 1.65131485436524e-07 5e-08
e 8 29 88 61440 1.21777200794915e-07 5e-08
e 8 30 87.9 61440 1.08164487755571e-07 5e-08
e 8 33 89.8 61440 9.76067991706539e-08 5e-08
e 8 39 88.2 61440 5.82716278072244e-08 5e-08
e 8 40 87.8 61440 6.19022409465232e-08 5e-08
e 8 41 88.3 61440 8.94688714392728e-08 5e-08
e 8 43 88.9 61440 1.47639543877177e-07 5e-08
e 8 44 89.7 61440 3.59346283617971e-07 5e-08
e 8 45 89.1 61440 2.31177685997651e-07 5e-08
e 8 52 88.3 61440 1.14168130805141e-07 5e-08
e 8 53 88.3 61440 7.68552454467625e-08 5e-08
e 8 54 88.3 61440 6.09403938222156e-08 5e-08
e 8 55 88.6 61440 6.56036416994687e-08 5e-08
e 8 56 88.6 61440 8.80472653479867e-08 5e-08
e 8 57 88.4 61440 1.33041410956899e-07 5e-08
e 8 58 89.4 61440 3.31556841527785e-07 5e-08
e 9 4 89.7 61440 9.74114043737674e-07 5e-08
e 9 12 88.5 61440 1.43307225693475e-07 5e-08
e 9 20 86.6 61440 6.26822366432088e-08 5e-08
e 9 21 89.8 61440 1.1043866189189e-07 5e-08
e 9 23 88.2 61440 4.76003348702631e-07 5e-08
e 9 42 89 61440 9.20542145178248e-08 5e-08
e 9 43 88.9 61440 2.89913957850153e-07 5e-08
e 9 45 89.5 61440 1.21751800110293e-07 5e-08
e 9 46 87 61440 6.01460553181695e-08 5e-08
e 9 59 87.7 61440 8.89712141728363e-08 5e-08
e 9 60 89.4 61440 1.0895350600497e-07 5e-08
e 9 61 89.6 61440 1.71214617314705e-07 5e-08
e 10 11 87.3 61440 9.81924787819861e-08 5e-08
e 10 14 89.2 61440 5.24434588101131e-07 5e-08
e 10 15 86.8 61440 1.5836476070025e-07 5e-08
e 10 26 87.7 61440 1.71822909842244e-07 5e-08
e 10 47 86.8 61440 5.18836896322408e-08 5e-08
e 10 48 86.2 61440 5.91409993459079e-08 5e-08
e 10 49 87.9 61440 8.31388968661072e-08 5e-08
e 10 50 88.6 61440 1.35398473073384e-07 5e-08
e 10 72 88.5 61440 1.25886968787118e-07 5e-08
e 10 73 88.5 61440 9.74199821336063e-08 5e-08
e 10 74 88.3 61440 1.14870189458918e-07 5e-08
e 10 76 89.1 61440 2.42443060062715e-07 5e-08
e 10 77 88.5 61440 2.18615658950984e-07 5e-08
e 11 3 89.9 61440 3.6839841857572e-07 5e-08
e 11 10 87.3 61440 9.81924787819861e-08 5e-08
e 11 17 89.4 61440 4.18276008843168e-07 5e-08
e 11 26 87.7 61440 8.55146622535137e-08 5e-08
e 11 27 87.7 61440 1.38697467083406e-07 5e-08
e 11 47 86.9 61440 1.15605857177551e-07 5e-08
e 11 48 86.3 61440 7.35160026392036e-08 5e-08
e 11 49 85.8 61440 6.6624297146978e-08 5e-08
e 11 50 86.3 61440 6.12135652648051e-08 5e-08
e 11 72 89 61440 1.60872104318454e-07 5e-08
e 11 73 88 61440 1.55563152665165e-07 5e-08
e 11 74 89.1 61440 1.40771802168385e-07 5e-08
e 12 9 88.5 61440 1.43307225693475e-07 5e-08
e 12 20 87.9 61440 8.18456391580929e-08 5e-08
e 12 21 86.2 61440 6.97588315190009e-08 5e-08
e 12 22 88.7 61440 1.15500357237734e-07 5e-08
e 12 23 89.8 61440 3.01239961668825e-07 5e-08
e 12 59 86.4 61440 5.8772031157416e-08 5e-08
e 12 60 85.7 61440 6.89954948020504e-08 5e-08
e 12 61 87.8 61440 1.08331744547149e-07 5e-08
e 13 1 88.7 61440 1.12932598383968e-07 5e-08
e 13 16 88.3 61440 8.95961283750081e-08 5e-08
e 13 62 89.4 61440 2.21102274263053e-07 5e-08
e 13 64 87.4 61440 8.93203214145353e-08 5e-08
e 13 65 87.5 61440 6.69769542984238e-08 5e-08
e 13 66 89 61440 6.17339140410127e-08 5e-08
e 13 67 88.6 61440 1.03117715382184e-07 5e-08
e 13 68 89.1 61440 1.14404870119115e-07 5e-08
e 13 71 89.2 61440 4.60295566737276e-07 5e-08
e 13 80 87.3 61440 5.2740312751147e-08 5e-08
e 14 4 89.4 61440 1.82298423444588e-07 5e-08
e 14 5 89.2 61440 1.31819410348199e-07 5e-08
e 14 10 89.2 61440 5.24434588101131e-07 5e-08
e 14 15 84.9 61440 6.82195928257839e-08 5e-08
e 14 26 90 61440 1.86334369300816e-07 5e-08
e 14 41 88.5 61440 1.4965459568619e-07 5e-08
e 14 42 88.8 61440 1.26037706327263e-07 5e-08
e 14 43 88.7 61440 9.00668631611826e-08 5e-08
e 14 44 87 61440 6.03617813003199e-08 5e-08
e 14 45 88.3 61440 8.91386218421511e-08 5e-08
e 14 49 89 61440 2.28838400929948e-07 5e-08
e 14 51 88.8 61440 1.55679831168557e-07 5e-08
e 14 52 88.4 61440 1.34020876076849e-07 5e-08
e 14 53 89.4 61440 3.25020339838855e-07 5e-08
e 14 67 88 61440 1.41743255326661e-07 5e-08
e 14 68 88.2 61440 1.04941431765258e-07 5e-08
e 14 69 88 61440 7.07149992760021e-08 5e-08
e 14 70 87.4 61440 6.22815571472114e-08 5e-08
e 14 71 87.6 61440 6.62138067194435e-08 5e-08
e 14 72 86.3 61440 7.9050864651662e-08 5e-08
e 14 73 87.5 61440 9.83525708146373e-08 5e-08
e 14 74 87.4 61440 8.60308568127067e-08 5e-08
e 14 75 87.4 61440 5.9909440016232e-08 5e-08
e 14 76 87.6 61440 8.59792553652175e-08 5e-08
e 14 77 88.4 61440 1.3132785573861e-07 5e-08
e 15 4 88.1 61440 2.93095438131902e-07 5e-08
e 15 10 86.8 61440 1.5836476070025e-07 5e-08
e 15 14 84.9 61440 6.82195928257839e-08 5e-08
e 15 26 88.8 61440 1.08369246443322e-07 5e-08
e 15 27 87.8 61440 1.83994958395813e-07 5e-08
e 15 43 86.1 61440 1.60216725558576e-07 5e-08
e 15 44 87 61440 9.56851347370194e-08 5e-08
e 15 45 87.6 61440 2.00855822565407e-07 5e-08
e 15 47 87.2 61440 2.09714123792364e-07 5e-08
e 15 48 88.2 61440 1.10868226659767e-07 5e-08
e 15 49 89.6 61440 9.9633330535999e-08 5e-08
e 15 51 89.8 61440 1.42795761211024e-07 5e-08
e 15 67 89.6 61440 1.42119938643489e-07 5e-08
e 15 68 89.9 61440 1.1117955121865e-07 5e-08
e 15 69 88.9 61440 9.53336460087475e-08 5e-08
e 15 70 87.8 61440 1.00248251604976e-07 5e-08
e 15 71 88.8 61440 1.18605512813429e-07 5e-08
e 15 72 86.1 61440 5.24600479085782e-08 5e-08
e 15 73 85.5 61440 5.73827707688625e-08 5e-08
e 15 74 85.9 61440 5.39033625230323e-08 5e-08
e 15 75 87.6 61440 6.17071599860412e-08 5e-08
e 15 76 88.4 61440 7.26729299576414e-08 5e-08
e 16 1 86.7 61440 5.28066689075589e-08 5e-08
e 16 13 88.3 61440 8.95961283750081e-08 5e-08
e 16 60 89.3 61440 2.77936588789333e-07 5e-08
e 16 61 87.1 61440 1.12652936362138e-07 5e-08
e 16 62 86.8 61440 9.94668447901535e-08 5e-08
e 16 63 85.8 61440 6.15398985253102e-08 5e-08
e 16 64 86.7 61440 5.0431930673917e-08 5e-08
e 16 65 87.2 61440 5.47746765413538e-08 5e-08
e 16 66 89.2 61440 1.6590283412068e-07 5e-08
e 16 68 89.1 61440 5.78486916303097e-07 5e-08
e 16 80 87.1 61440 7.66898866409776e-08 5e-08
e 17 3 86.8 61440 6.55282321157132e-08 5e-08
e 17 11 89.4 61440 4.18276008843168e-07 5e-08
e 17 18 87.9 61440 9.26729736946978e-08 5e-08
e 17 19 85.9 61440 6.45916290653538e-08 5e-08
e 17 26 88.6 61440 2.57628214670275e-07 5e-08
e 17 27 87.6 61440 1.24725324619316e-07 5e-08
e 17 28 88.4 61440 1.87890242536839e-07 5e-08
e 17 29 89.5 61440 1.7869024831394e-07 5e-08
e 17 30 89.5 61440 2.67440826115256e-07 5e-08
e 17 81 87.7 61440 9.58963258180069e-08 5e-08
e 17 82 88.4 61440 1.73494559867585e-07 5e-08
e 18 3 86.2 61440 5.67194875892221e-08 5e-08
e 18 4 87.8 61440 8.95503853547783e-08 5e-08
e 18 5 89.9 61440 1.79075268623422e-07 5e-08
e 18 8 89.6 61440 3.66381958416345e-07 5e-08
e 18 17 87.9 61440 9.26729736946978e-08 5e-08
e 18 19 86.9 61440 8.09819540223261e-08 5e-08
e 18 26 85 61440 1.20101587582708e-07 5e-08
e 18 27 84.9 61440 7.02123148495812e-08 5e-08
e 18 28 85.5 61440 6.3078016079546e-08 5e-08
e 18 29 85.5 61440 6.66547872699661e-08 5e-08
e 18 30 87.4 61440 9.90542218482979e-08 5e-08
e 18 31 87 61440 1.87194928600807e-07 5e-08
e 18 40 88.2 61440 2.49576911351137e-07 5e-08
e 18 41 88.9 61440 2.21284866708682e-07 5e-08
e 18 43 89.4 61440 2.54834219693119e-07 5e-08
e 18 81 87.6 61440 1.14545404153939e-07 5e-08
e 18 82 87.8 61440 2.33086756773941e-07 5e-08
e 19 2 88.9 61440 2.47944388397592e-07 5e-08
e 19 3 86.1 61440 6.44744204682318e-08 5e-08
e 19 4 89.1 61440 2.62311695322434e-07 5e-08
e 19 17 85.9 61440 6.45916290653538e-08 5e-08
e 19 18 86.9 61440 8.09819540223261e-08 5e-08
e 19 27 88.2 61440 1.50642033789412e-07 5e-08
e 19 28 88.8 61440 1.27462630921219e-07 5e-08
e 19 29 88.7 61440 1.08004466044991e-07 5e-08
e 19 30 88.4 61440 1.14590268353782e-07 5e-08
e 19 31 88.3 61440 1.66882639369813e-07 5e-08
e 19 35 88.3 61440 1.88680342089941e-07 5e-08
e 19 37 88.8 61440 1.36529724955453e-07 5e-08
e 19 78 86.3 61440 2.02756788693365e-07 5e-08
e 19 79 88.2 61440 1.92092589913881e-07 5e-08
e 19 81 85.7 61440 6.0743072466084e-08 5e-08
e 19 82 88.2 61440 9.22243857159364e-08 5e-08
e 20 9 86.6 61440 6.26822366432088e-08 5e-08
e 20 12 87.9 61440 8.18456391580929e-08 5e-08
e 20 21 87.2 61440 7.47246921570555e-08 5e-08
e 20 22 88 61440 1.21180637548634e-07 5e-08
e 20 42 89.4 61440 1.82404021605666e-07 5e-08
e 20 43 89.8 61440 7.44912276079177e-07 5e-08
e 20 46 89 61440 9.55150617703301e-08 5e-08
e 20 59 86.3 61440 5.71917118657648e-08 5e-08
e 20 60 88.4 61440 7.32806270796454e-08 5e-08
e 20 61 89.6 61440 1.11441381163113e-07 5e-08
e 20 62 87.6 61440 1.58673521399241e-07 5e-08
e 21 9 89.8 61440 1.1043866189189e-07 5e-08
e 21 12 86.2 61440 6.97588315190009e-08 5e-08
e 21 20 87.2 61440 7.47246921570555e-08 5e-08
e 21 22 86.2 61440 6.60107949879578e-08 5e-08
e 21 23 85.9 61440 1.11058170700507e-07 5e-08
e 21 24 86.5 61440 3.16601189250072e-07 5e-08
e 21 25 89.3 61440 9.86263540117822e-07 5e-08
e 21 59 85.1 61440 6.42043892123578e-08 5e-08
e 21 60 87.2 61440 1.042216649903e-07 5e-08
e 21 61 86.9 61440 2.37245047435468e-07 5e-08
e 21 71 89.8 61440 1.1921894797334e-06 5e-08
e 22 12 88.7 61440 1.15500357237734e-07 5e-08
e 22 20 88 61440 1.21180637548634e-07 5e-08
e 22 21 86.2 61440 6.60107949879578e-08 5e-08
e 22 23 85.5 61440 6.45365368522128e-08 5e-08
e 22 24 86 61440 1.1345550486518e-07 5e-08
e 22 25 87.6 61440 3.55570754182562e-07 5e-08
e 22 54 87.8 61440 8.43878997651329e-07 5e-08
e 22 59 87.4 61440 1.10086722348436e-07 5e-08
e 22 60 89.6 61440 2.66866290380436e-07 5e-08
e 23 9 88.2 61440 4.76003348702631e-07 5e-08
e 23 12 89.8 61440 3.01239961668825e-07 5e-08
e 23 21 85.9 61440 1.11058170700507e-07 5e-08
e 23 22 85.5 61440 6.45365368522128e-08 5e-08
e 23 24 86.2 61440 6.72520330757316e-08 5e-08
e 23 25 86.6 61440 1.23460866474132e-07 5e-08
e 23 53 89.7 61440 1.16368645585406e-06 5e-08
e 23 59 89.3 61440 2.81917881285842e-07 5e-08
e 24 21 86.5 61440 3.16601189250072e-07 5e-08
e 24 22 86 61440 1.1345550486518e-07 5e-08
e 24 23 86.2 61440 6.72520330757316e-08 5e-08
e 24 25 87.6 61440 6.9522337242342e-08 5e-08
e 25 21 89.3 61440 9.86263540117822e-07 5e-08
e 25 22 87.6 61440 3.55570754182562e-07 5e-08
e 25 23 86.6 61440 1.23460866474132e-07 5e-08
e 25 24 87.6 61440 6.9522337242342e-08 5e-08
e 26 3 86.3 61440 1.36742025298335e-07 5e-08
e 26 4 87.7 61440 1.68616002920803e-07 5e-08
e 26 10 87.7 61440 1.71822909842244e-07 5e-08
e 26 11 87.7 61440 8.55146622535137e-08 5e-08
e 26 14 90 61440 1.86334369300816e-07 5e-08
e 26 15 88.8 61440 1.08369246443322e-07 5e-08
e 26 17 88.6 61440 2.57628214670275e-07 5e-08
e 26 18 85 61440 1.20101587582708e-07 5e-08
e 26 27 85.5 61440 6.52605986765068e-08 5e-08
e 26 28 87.1 61440 1.24522231146615e-07 5e-08
e 26 29 88.9 61440 2.52949140583913e-07 5e-08
e 26 43 89.8 61440 2.72738380210408e-07 5e-08
e 26 44 88.7 61440 1.97834204202135e-07 5e-08
e 26 47 88.9 61440 2.55366365138539e-07 5e-08
e 26 48 86.8 61440 9.6452333372811e-08 5e-08
e 26 49 85.3 61440 6.6675508689582e-08 5e-08
e 26 50 89.4 61440 1.30447483633729e-07 5e-08
e 26 72 86.9 61440 8.77213520780345e-08 5e-08
e 26 73 87.1 61440 1.07069660058822e-07 5e-08
e 26 74 86.3 61440 8.67352789373384e-08 5e-08
e 26 76 89.6 61440 3.45813911123537e-07 5e-08
e 27 3 86.4 61440 8.13469422035425e-08 5e-08
e 27 4 88.1 61440 9.78159916919858e-08 5e-08
e 27 5 89.2 61440 1.84092150075138e-07 5e-08
e 27 11 87.7 61440 1.38697467083406e-07 5e-08
e 27 15 87.8 61440 1.83994958395813e-07 5e-08
e 27 17 87.6 61440 1.24725324619316e-07 5e-08
e 27 18 84.9 61440 7.02123148495812e-08 5e-08
e 27 19 88.2 61440 1.50642033789412e-07 5e-08
e 27 26 85.5 61440 6.52605986765068e-08 5e-08
e 27 28 86.7 61440 7.61390388057863e-08 5e-08
e 27 29 89.3 61440 1.04930833588943e-07 5e-08
e 27 30 88.2 61440 2.38088726813307e-07 5e-08
e 27 41 89.4 61440 2.37020011547019e-07 5e-08
e 27 43 88.8 61440 1.8977407245183e-07 5e-08
e 27 49 86.5 61440 1.13769666148103e-07 5e-08
e 27 72 87.7 61440 1.29555313454436e-07 5e-08
e 27 73 88 61440 2.26450526538589e-07 5e-08
e 27 74 87.7 61440 1.3543299923731e-07 5e-08
e 28 3 87.2 61440 8.85370088878363e-08 5e-08
e 28 4 85.2 61440 5.71443416521634e-08 5e-08
e 28 5 89.7 61440 9.05334020220611e-08 5e-08
e 28 8 88.4 61440 1.65131485436524e-07 5e-08
e 28 17 88.4 61440 1.87890242536839e-07 5e-08
e 28 18 85.5 61440 6.3078016079546e-08 5e-08
e 28 19 88.8 61440 1.27462630921219e-07 5e-08
e 28 26 87.1 61440 1.24522231146615e-07 5e-08
e 28 27 86.7 61440 7.61390388057863e-08 5e-08
e 28 29 85.1 61440 5.78645856774399e-08 5e-08
e 28 30 88.3 61440 9.21859956851639e-08 5e-08
e 28 31 87.3 61440 1.73614188863384e-07 5e-08
e 28 40 88 61440 1.10612219656917e-07 5e-08
e 28 41 88.9 61440 1.00536550686526e-07 5e-08
e 28 43 89.9 61440 1.0932933908223e-07 5e-08
e 28 44 89.5 61440 1.45675088730785e-07 5e-08
e 28 45 89.9 61440 2.51148697948996e-07 5e-08
e 28 46 89.9 61440 8.63101742461841e-07 5e-08
e 28 52 89.6 61440 2.06910829351154e-07 5e-08
e 28 53 89.4 61440 2.21608616059092e-07 5e-08
e 28 70 89.6 61440 6.065818337438e-07 5e-08
e 28 71 89.4 61440 3.82358950430812e-07 5e-08
e 28 72 88.5 61440 2.87053369134495e-07 5e-08
e 28 81 88.7 61440 2.14386240096079e-07 5e-08
e 28 82 88.6 61440 4.18803139162241e-07 5e-08
e 29 2 88.4 61440 2.55150621645599e-07 5e-08
e 29 3 87.5 61440 8.94845151549459e-08 5e-08
e 29 4 85.3 61440 6.78717719657113e-08 5e-08
e 29 8 88 61440 1.21777200794915e-07 5e-08
e 29 17 89.5 61440 1.7869024831394e-07 5e-08
e 29 18 85.5 61440 6.66547872699661e-08 5e-08
e 29 19 88.7 61440 1.08004466044991e-07 5e-08
e 29 26 88.9 61440 2.52949140583913e-07 5e-08
e 29 27 89.3 61440 1.04930833588943e-07 5e-08
e 29 28 85.1 61440 5.78645856774399e-08 5e-08
e 29 30 86.2 61440 6.3738935937766e-08 5e-08
e 29 31 88.3 61440 1.00283603866136e-07 5e-08
e 29 32 87.7 61440 2.20028985015548e-07 5e-08
e 29 39 88.7 61440 1.8289023249934e-07 5e-08
e 29 40 88.9 61440 1.07393603526518e-07 5e-08
e 29 81 87.9 61440 1.250624593956e-07 5e-08
e 29 82 87.9 61440 2.16415120289529e-07 5e-08
e 30 2 86.9 61440 1.08527750451418e-07 5e-08
e 30 3 88.4 61440 1.21104119602741e-07 5e-08
e 30 4 88.2 61440 1.03201180365451e-07 5e-08
e 30 5 88.7 61440 1.58911498818595e-07 5e-08
e 30 7 87.8 61440 1.59394802938441e-07 5e-08
e 30 8 87.9 61440 1.08164487755571e-07 5e-08
e 30 17 89.5 61440 2.67440826115256e-07 5e-08
e 30 18 87.4 61440 9.90542218482979e-08 5e-08
e 30 19 88.4 61440 1.14590268353782e-07 5e-08
e 30 27 88.2 61440 2.38088726813307e-07 5e-08
e 30 28 88.3 61440 9.21859956851639e-08 5e-08
e 30 29 86.2 61440 6.3738935937766e-08 5e-08
e 30 31 85.3 61440 6.14548550012502e-08 5e-08
e 30 32 87.6 61440 1.00451566152843e-07 5e-08
e 30 33 88.9 61440 1.42648102129757e-07 5e-08
e 30 34 87.3 61440 1.91518078428255e-07 5e-08
e 30 35 88.4 61440 1.63417438671149e-07 5e-08
e 30 37 88.6 61440 1.72670886227667e-07 5e-08
e 30 39 89.3 61440 1.16172228187481e-07 5e-08
e 30 40 89.6 61440 1.19353010326281e-07 5e-08
e 30 41 89.4 61440 1.69650690886083e-07 5e-08
e 30 78 88.3 61440 1.2453536929753e-07 5e-08
e 30 81 86.9 61440 1.07350247148068e-07 5e-08
e 30 82 88.2 61440 1.21557092527048e-07 5e-08
e 31 2 84.7 61440 7.13391627907626e-08 5e-08
e 31 3 88.6 61440 2.50347183500462e-07 5e-08
e 31 4 87.6 61440 2.05508482664629e-07 5e-08
e 31 6 88.9 61440 1.56682512002277e-07 5e-08
e 31 7 88.8 61440 1.14221643022424e-07 5e-08
e 31 18 87 61440 1.87194928600807e-07 5e-08
e 31 19 88.3 61440 1.66882639369813e-07 5e-08
e 31 28 87.3 61440 1.73614188863384e-07 5e-08
e 31 29 88.3 61440 1.00283603866136e-07 5e-08
e 31 30 85.3 61440 6.14548550012502e-08 5e-08
e 31 32 85.8 61440 6.60313354982855e-08 5e-08
e 31 33 88.8 61440 1.00056876594592e-07 5e-08
e 31 34 87.7 61440 9.66489645209098e-08 5e-08
e 31 35 88.9 61440 1.05345148224493e-07 5e-08
e 31 36 89.2 61440 2.10636658194058e-07 5e-08
e 31 37 89.2 61440 1.16231893018915e-07 5e-08
e 31 78 87 61440 8.69688423561956e-08 5e-08
e 31 81 88.4 61440 1.15394384406002e-07 5e-08
e 31 82 88.7 61440 1.07803798175597e-07 5e-08
e 32 2 85.2 61440 7.27332534435887e-08 5e-08
e 32 6 87 61440 8.59584509880596e-08 5e-08
e 32 7 88.6 61440 8.16062114582373e-08 5e-08
e 32 29 87.7 61440 2.20028985015548e-07 5e-08
e 32 30 87.6 61440 1.00451566152843e-07 5e-08
e 32 31 85.8 61440 6.60313354982855e-08 5e-08
e 32 33 88.6 61440 6.67031838725107e-08 5e-08
e 32 34 84.9 61440 6.62677787309306e-08 5e-08
e 32 35 88.3 61440 1.21567353779349e-07 5e-08
e 32 36 89 61440 2.06968687008092e-07 5e-08
e 32 37 88.9 61440 1.67671596030562e-07 5e-08
e 32 38 89.2 61440 1.19088475118862e-07 5e-08
e 32 55 88.5 61440 1.75450479205734e-07 5e-08
e 32 57 88.9 61440 1.32081499938056e-07 5e-08
e 32 58 89.8 61440 1.84053890002657e-07 5e-08
e 32 78 87.4 61440 9.68106013354976e-08 5e-08
e 32 82 89.4 61440 1.90147116495794e-07 5e-08
e 33 6 88.7 61440 5.70695283310429e-08 5e-08
e 33 7 88.9 61440 5.31027458899624e-08 5e-08
e 33 8 89.8 61440 9.76067991706539e-08 5e-08
e 33 30 88.9 61440 1.42648102129757e-07 5e-08
e 33 31 88.8 61440 1.00056876594592e-07 5e-08
e 33 32 88.6 61440 6.67031838725107e-08 5e-08
e 33 39 88.4 61440 6.69679429495989e-08 5e-08
e 33 53 90 61440 2.98698240023994e-07 5e-08
e 33 54 88.4 61440 1.24935278653637e-07 5e-08
e 33 55 88.7 61440 9.30022892893932e-08 5e-08
e 33 56 88.7 61440 7.49653662741743e-08 5e-08
e 33 57 88.6 61440 7.44458127455973e-08 5e-08
e 33 58 88.2 61440 9.64142194123157e-08 5e-08
e 34 2 84.9 61440 6.61408972134156e-08 5e-08
e 34 30 87.3 61440 1.91518078428255e-07 5e-08
e 34 31 87.7 61440 9.66489645209098e-08 5e-08
e 34 32 84.9 61440 6.62677787309306e-08 5e-08
e 34 35 87.3 61440 9.85075280523736e-08 5e-08
e 34 36 88.8 61440 1.08179788829811e-07 5e-08
e 34 37 88.8 61440 1.23866850287534e-07 5e-08
e 34 38 89.7 61440 1.17613640632764e-07 5e-08
e 34 78 84.6 61440 8.10742541306541e-08 5e-08
e 34 79 89.1 61440 1.95260796544039e-07 5e-08
e 34 82 88.9 61440 1.80149069524504e-07 5e-08
e 35 2 86.1 61440 6.36494876353662e-08 5e-08
e 35 19 88.3 61440 1.88680342089941e-07 5e-08
e 35 30 88.4 61440 1.63417438671149e-07 5e-08
e 35 31 88.9 61440 1.05345148224493e-07 5e-08
e 35 32 88.3 61440 1.21567353779349e-07 5e-08
e 35 34 87.3 61440 9.85075280523736e-08 5e-08
e 35 36 84.7 61440 6.30692405930815e-08 5e-08
e 35 37 86.6 61440 5.27996690771853e-08 5e-08
e 35 78 86.1 61440 5.26187883682306e-08 5e-08
e 35 79 86.3 61440 6.22353556590917e-08 5e-08
e 35 81 88.3 61440 9.79265399451483e-08 5e-08
e 35 82 86 61440 6.45293177816245e-08 5e-08
e 36 2 86.4 61440 8.70404355637956e-08 5e-08
e 36 31 89.2 61440 2.10636658194058e-07 5e-08
e 36 32 89 61440 2.06968687008092e-07 5e-08
e 36 34 88.8 61440 1.08179788829811e-07 5e-08
e 36 35 84.7 61440 6.30692405930815e-08 5e-08
e 36 37 85.6 61440 6.96910801663031e-08 5e-08
e 36 78 84.3 61440 7.03187911973104e-08 5e-08
e 36 79 86.4 61440 6.71587950202856e-08 5e-08
e 36 81 87.9 61440 1.90277497496533e-07 5e-08
e 36 82 87.2 61440 9.86057047587006e-08 5e-08
e 37 2 87.3 61440 7.57590025261496e-08 5e-08
e 37 19 88.8 61440 1.36529724955453e-07 5e-08
e 37 30 88.6 61440 1.72670886227667e-07 5e-08
e 37 31 89.2 61440 1.16231893018915e-07 5e-08
e 37 32 88.9 61440 1.67671596030562e-07 5e-08
e 37 34 88.8 61440 1.23866850287534e-07 5e-08
e 37 35 86.6 61440 5.27996690771853e-08 5e-08
e 37 36 85.6 61440 6.96910801663031e-08 5e-08
e 37 78 86.4 61440 5.94598372474296e-08 5e-08
e 37 79 85.9 61440 5.571200966624e-08 5e-08
e 37 81 88 61440 8.31179922484589e-08 5e-08
e 37 82 85.7 61440 5.64232823285677e-08 5e-08
e 38 6 88.5 61440 6.50489798553883e-08 5e-08
e 38 7 88.6 61440 1.00274352240394e-07 5e-08
e 38 32 89.2 61440 1.19088475118862e-07 5e-08
e 38 34 89.7 61440 1.17613640632764e-07 5e-08
e 38 39 88.5 61440 1.77735176048072e-07 5e-08
e 38 55 88.7 61440 2.46669439682047e-07 5e-08
e 38 56 87.9 61440 1.18299349194908e-07 5e-08
e 38 57 87.9 61440 7.99512553852299e-08 5e-08
e 38 58 88.6 61440 6.10596506329161e-08 5e-08
e 39 2 89.6 61440 2.4683703207638e-07 5e-08
e 39 4 88.2 61440 2.0887314181265e-07 5e-08
e 39 5 88.7 61440 1.63797553885643e-07 5e-08
e 39 6 88.3 61440 8.69291046533665e-08 5e-08
e 39 7 86 61440 5.82124078661143e-08 5e-08
e 39 8 88.2 61440 5.82716278072244e-08 5e-08
e 39 29 88.7 61440 1.8289023249934e-07 5e-08
e 39 30 89.3 61440 1.16172228187481e-07 5e-08
e 39 33 88.4 61440 6.69679429495989e-08 5e-08
e 39 38 88.5 61440 1.77735176048072e-07 5e-08
e 39 40 88.5 61440 9.00145515010875e-08 5e-08
e 39 41 88.7 61440 1.41438622479134e-07 5e-08
e 39 43 89.9 61440 3.36605297737254e-07 5e-08
e 39 45 89.5 61440 5.00229279854013e-07 5e-08
e 39 52 89.2 61440 2.21077592153637e-07 5e-08
e 39 53 88.2 61440 1.08576747289989e-07 5e-08
e 39 54 88.3 61440 7.24114666501406e-08 5e-08
e 39 55 88.3 61440 6.14601330366616e-08 5e-08
e 39 56 88.3 61440 6.66170779860913e-08 5e-08
e 39 57 88.6 61440 9.05035396022771e-08 5e-08
e 39 58 88.6 61440 1.51685803935853e-07 5e-08
e 40 4 85.9 61440 8.02585676931895e-08 5e-08
e 40 5 86.5 61440 6.16158762314817e-08 5e-08
e 40 6 89.9 61440 3.575764511644e-07 5e-08
e 40 7 88.3 61440 1.42775521187651e-07 5e-08
e 40 8 87.8 61440 6.19022409465232e-08 5e-08
e 40 18 88.2 61440 2.49576911351137e-07 5e-08
e 40 28 88 61440 1.10612219656917e-07 5e-08
e 40 29 88.9 61440 1.07393603526518e-07 5e-08
e 40 30 89.6 61440 1.19353010326281e-07 5e-08
e 40 39 88.5 61440 9.00145515010875e-08 5e-08
e 40 41 88.2 61440 5.80232190333499e-08 5e-08
e 40 43 88.5 61440 8.43347610208876e-08 5e-08
e 40 44 88.6 61440 1.3416900072697e-07 5e-08
e 40 45 87.7 61440 1.08696737273038e-07 5e-08
e 40 52 87.3 61440 7.57976267326184e-08 5e-08
e 40 53 88.3 61440 6.10657149560071e-08 5e-08
e 40 54 87.3 61440 6.94459142015809e-08 5e-08
e 40 55 88.7 61440 9.28425245267488e-08 5e-08
e 40 56 88.7 61440 1.4620906360356e-07 5e-08
e 40 57 90 61440 3.40457761252083e-07 5e-08
e 40 70 89.9 61440 4.53670385503106e-07 5e-08
e 40 71 88.8 61440 2.14842123210035e-07 5e-08
e 41 4 86.5 61440 6.97905523473562e-08 5e-08
e 41 5 87.9 61440 5.0785075208006e-08 5e-08
e 41 8 88.3 61440 8.94688714392728e-08 5e-08
e 41 14 88.5 61440 1.4965459568619e-07 5e-08
e 41 18 88.9 61440 2.21284866708682e-07 5e-08
e 41 27 89.4 61440 2.37020011547019e-07 5e-08
e 41 28 88.9 61440 1.00536550686526e-07 5e-08
e 41 30 89.4 61440 1.69650690886083e-07 5e-08
e 41 39 88.7 61440 1.41438622479134e-07 5e-08
e 41 40 88.2 61440 5.80232190333499e-08 5e-08
e 41 42 88.3 61440 8.32053605083561e-08 5e-08
e 41 43 87.9 61440 5.91709745675167e-08 5e-08
e 41 44 88.4 61440 8.76774245158444e-08 5e-08
e 41 45 88.4 61440 7.79351406256077e-08 5e-08
e 41 52 87.2 61440 6.22636668001941e-08 5e-08
e 41 53 88.2 61440 6.60680380046859e-08 5e-08
e 41 54 89 61440 9.43940051507798e-08 5e-08
e 41 55 88.4 61440 1.39925045447344e-07 5e-08
e 41 56 90 61440 3.17266405323899e-07 5e-08
e 41 69 89.9 61440 4.07129354258469e-07 5e-08
e 41 70 88.5 61440 2.12827800973219e-07 5e-08
e 41 71 87.9 61440 1.13998071540723e-07 5e-08
e 42 4 89.3 61440 1.74488539147044e-07 5e-08
e 42 5 88.9 61440 8.94924416864539e-08 5e-08
e 42 9 89 61440 9.20542145178248e-08 5e-08
e 42 14 88.8 61440 1.26037706327263e-07 5e-08
e 42 20 89.4 61440 1.82404021605666e-07 5e-08
e 42 41 88.3 61440 8.32053605083561e-08 5e-08
e 42 43 88.4 61440 7.71829757726326e-08 5e-08
e 42 44 88.8 61440 9.13038402583808e-08 5e-08
e 42 45 87.6 61440 5.64039303216574e-08 5e-08
e 42 46 87.4 61440 6.08895096413767e-08 5e-08
e 42 52 89.6 61440 5.54332579627281e-08 5e-08
e 42 60 89.8 61440 5.11470948945615e-07 5e-08
e 42 69 89.1 61440 1.91487161797296e-07 5e-08
e 42 70 88.8 61440 1.11191327869972e-07 5e-08
e 42 71 88.5 61440 7.67711079155903e-08 5e-08
e 43 4 87.7 61440 7.74814557346898e-08 5e-08
e 43 5 87 61440 5.71447170443245e-08 5e-08
e 43 8 88.9 61440 1.47639543877177e-07 5e-08
e 43 9 88.9 61440 2.89913957850153e-07 5e-08
e 43 14 88.7 61440 9.00668631611826e-08 5e-08
e 43 15 86.1 61440 1.60216725558576e-07 5e-08
e 43 18 89.4 61440 2.54834219693119e-07 5e-08
e 43 20 89.8 61440 7.44912276079177e-07 5e-08
e 43 26 89.8 61440 2.72738380210408e-07 5e-08
e 43 27 88.8 61440 1.8977407245183e-07 5e-08
e 43 28 89.9 61440 1.0932933908223e-07 5e-08
e 43 39 89.9 61440 3.36605297737254e-07 5e-08
e 43 40 88.5 61440 8.43347610208876e-08 5e-08
e 43 41 87.9 61440 5.91709745675167e-08 5e-08
e 43 42 88.4 61440 7.71829757726326e-08 5e-08
e 43 44 88 61440 5.96777774790183e-08 5e-08
e 43 45 88.1 61440 6.19386128864143e-08 5e-08
e 43 46 89.6 61440 1.2202225663563e-07 5e-08
e 43 52 88.3 61440 6.4688496876088e-08 5e-08
e 43 53 88.1 61440 8.83136565320242e-08 5e-08
e 43 54 88.9 61440 1.50570487063153e-07 5e-08
e 43 69 88.2 61440 1.77922342847769e-07 5e-08
e 43 70 87.9 61440 1.10045025153738e-07 5e-08
e 43 71 88.2 61440 7.89070967712356e-08 5e-08
e 43 72 87.1 61440 1.76328903018819e-07 5e-08
e 43 74 87.9 61440 2.12326591646808e-07 5e-08
e 43 75 88.6 61440 1.54882709055803e-07 5e-08
e 43 76 89.9 61440 3.5025927347639e-07 5e-08
e 44 4 88.7 61440 1.03431702796249e-07 5e-08
e 44 5 88.6 61440 8.25890592619301e-08 5e-08
e 44 8 89.7 61440 3.59346283617971e-07 5e-08
e 44 14 87 61440 6.03617813003199e-08 5e-08
e 44 15 87 61440 9.56851347370194e-08 5e-08
e 44 26 88.7 61440 1.97834204202135e-07 5e-08
e 44 28 89.5 61440 1.45675088730785e-07 5e-08
e 44 40 88.6 61440 1.3416900072697e-07 5e-08
e 44 41 88.4 61440 8.76774245158444e-08 5e-08
e 44 42 88.8 61440 9.13038402583808e-08 5e-08
e 44 43 88 61440 5.96777774790183e-08 5e-08
e 44 45 87.3 61440 6.53721439547334e-08 5e-08
e 44 46 89.5 61440 1.45262425233761e-07 5e-08
e 44 49 89.3 61440 3.33758711841695e-07 5e-08
e 44 52 88.6 61440 8.70447775097281e-08 5e-08
e 44 53 88.6 61440 1.35356422151085e-07 5e-08
e 44 54 89.7 61440 3.5264479528928e-07 5e-08
e 44 67 89.5 61440 3.33902233872355e-07 5e-08
e 44 68 88.6 61440 2.00514330233707e-07 5e-08
e 44 69 88.2 61440 1.00694109489354e-07 5e-08
e 44 70 87.2 61440 7.66402698172196e-08 5e-08
e 44 71 88.4 61440 6.27367685010028e-08 5e-08
e 44 72 87.8 61440 1.04277392312171e-07 5e-08
e 44 73 86.8 61440 1.5336039222913e-07 5e-08
e 44 74 88.9 61440 1.14392527374874e-07 5e-08
e 44 75 88.7 61440 9.05352969498223e-08 5e-08
e 44 76 88.4 61440 1.43828107966474e-07 5e-08
e 45 4 89.5 61440 1.247121412275e-07 5e-08
e 45 5 87.6 61440 7.97930637302576e-08 5e-08
e 45 8 89.1 61440 2.31177685997651e-07 5e-08
e 45 9 89.5 61440 1.21751800110293e-07 5e-08
e 45 14 88.3 61440 8.91386218421511e-08 5e-08
e 45 15 87.6 61440 2.00855822565407e-07 5e-08
e 45 28 89.9 61440 2.51148697948996e-07 5e-08
e 45 39 89.5 61440 5.00229279854013e-07 5e-08
e 45 40 87.7 61440 1.08696737273038e-07 5e-08
e 45 41 88.4 61440 7.79351406256077e-08 5e-08
e 45 42 87.6 61440 5.64039303216574e-08 5e-08
e 45 43 88.1 61440 6.19386128864143e-08 5e-08
e 45 44 87.3 61440 6.53721439547334e-08 5e-08
e 45 46 87 61440 7.92556629131985e-08 5e-08
e 45 52 88.1 61440 5.92534509641365e-08 5e-08
e 45 53 88.4 61440 8.98789717591572e-08 5e-08
e 45 54 89 61440 1.71672137378009e-07 5e-08
e 45 55 89.9 61440 3.72572236839401e-07 5e-08
e 45 69 88.5 61440 1.19696770641783e-07 5e-08
e 45 70 88 61440 8.50856085265463e-08 5e-08
e 45 71 87.8 61440 5.99390443215989e-08 5e-08
e 45 72 88.9 61440 2.5321973980666e-07 5e-08
e 45 75 88.4 61440 1.37665160410265e-07 5e-08
e 45 76 89.6 61440 2.98894887834375e-07 5e-08
e 46 9 87 61440 6.01460553181695e-08 5e-08
e 46 20 89 61440 9.55150617703301e-08 5e-08
e 46 28 89.9 61440 8.63101742461841e-07 5e-08
e 46 42 87.4 61440 6.08895096413767e-08 5e-08
e 46 43 89.6 61440 1.2202225663563e-07 5e-08
e 46 44 89.5 61440 1.45262425233761e-07 5e-08
e 46 45 87 61440 7.92556629131985e-08 5e-08
e 46 59 89 61440 1.52710634419326e-07 5e-08
e 46 60 89.2 61440 2.13810793536243e-07 5e-08
e 46 61 89.9 61440 3.39664529368099e-07 5e-08
e 46 62 90 61440 5.78031835283815e-07 5e-08
e 46 70 89.2 61440 1.37158928018938e-07 5e-08
e 46 71 89.1 61440 9.83723287558213e-08 5e-08
e 47 10 86.8 61440 5.18836896322408e-08 5e-08
e 47 11 86.9 61440 1.15605857177551e-07 5e-08
e 47 15 87.2 61440 2.09714123792364e-07 5e-08
e 47 26 88.9 61440 2.55366365138539e-07 5e-08
e 47 48 86.6 61440 6.93227413562749e-08 5e-08
e 47 49 88.1 61440 1.00823610500795e-07 5e-08
e 47 50 89 61440 1.72913790645177e-07 5e-08
e 47 72 87.7 61440 1.70445084221305e-07 5e-08
e 47 73 88.9 61440 1.11125829980886e-07 5e-08
e 47 74 87.9 61440 1.41434266071418e-07 5e-08
e 47 75 89.8 61440 4.01888190699247e-07 5e-08
e 47 76 89.8 61440 2.77622297981493e-07 5e-08
e 47 77 89.7 61440 2.26743750146366e-07 5e-08
e 48 10 86.2 61440 5.91409993459079e-08 5e-08
e 48 11 86.3 61440 7.35160026392036e-08 5e-08
e 48 15 88.2 61440 1.10868226659767e-07 5e-08
e 48 26 86.8 61440 9.6452333372811e-08 5e-08
e 48 47 86.6 61440 6.93227413562749e-08 5e-08
e 48 49 85.7 61440 5.74713420064727e-08 5e-08
e 48 50 89 61440 1.09396734700642e-07 5e-08
e 48 72 88.3 61440 9.37810330783717e-08 5e-08
e 48 73 87.4 61440 8.00027942756541e-08 5e-08
e 48 74 87.1 61440 8.58289906855825e-08 5e-08
e 48 75 87.5 61440 2.29902655013028e-07 5e-08
e 48 76 89.7 61440 2.08654921376391e-07 5e-08
e 48 77 88.6 61440 2.37740938714324e-07 5e-08
e 49 10 87.9 61440 8.31388968661072e-08 5e-08
e 49 11 85.8 61440 6.6624297146978e-08 5e-08
e 49 14 89 61440 2.28838400929948e-07 5e-08
e 49 15 89.6 61440 9.9633330535999e-08 5e-08
e 49 26 85.3 61440 6.6675508689582e-08 5e-08
e 49 27 86.5 61440 1.13769666148103e-07 5e-08
e 49 44 89.3 61440 3.33758711841695e-07 5e-08
e 49 47 88.1 61440 1.00823610500795e-07 5e-08
e 49 48 85.7 61440 5.74713420064727e-08 5e-08
e 49 50 89.2 61440 1.04980835147827e-07 5e-08
e 49 72 87.6 61440 8.09131760437663e-08 5e-08
e 49 73 86.4 61440 8.04043767162932e-08 5e-08
e 49 74 87.8 61440 7.5699109955785e-08 5e-08
e 49 75 89.2 61440 2.0302037612401e-07 5e-08
e 49 76 88.6 61440 2.27658480926156e-07 5e-08
e 49 77 89.3 61440 3.13675514987521e-07 5e-08
e 50 10 88.6 61440 1.35398473073384e-07 5e-08
e 50 11 86.3 61440 6.12135652648051e-08 5e-08
e 50 26 89.4 61440 1.30447483633729e-07 5e-08
e 50 47 89 61440 1.72913790645177e-07 5e-08
e 50 48 89 61440 1.09396734700642e-07 5e-08
e 50 49 89.2 61440 1.04980835147827e-07 5e-08
e 51 14 88.8 61440 1.55679831168557e-07 5e-08
e 51 15 89.8 61440 1.42795761211024e-07 5e-08
e 51 66 87.6 61440 6.85217122739624e-08 5e-08
e 51 67 88.5 61440 5.04931486096641e-08 5e-08
e 51 68 88.2 61440 5.51704606323321e-08 5e-08
e 51 69 88.4 61440 8.36074415195082e-08 5e-08
e 51 70 88.5 61440 1.17617756384581e-07 5e-08
e 51 71 89.5 61440 2.39885675578268e-07 5e-08
e 51 72 89.6 61440 2.13199109136553e-07 5e-08
e 51 75 88.2 61440 9.40847285456215e-08 5e-08
e 51 76 87.7 61440 6.96936800475748e-08 5e-08
e 51 77 88.6 61440 6.14439303596129e-08 5e-08
e 51 80 89 61440 1.37386702116665e-07 5e-08
e 52 5 87.9 61440 6.70263227083385e-08 5e-08
e 52 8 88.3 61440 1.14168130805141e-07 5e-08
e 52 14 88.4 61440 1.34020876076849e-07 5e-08
e 52 28 89.6 61440 2.06910829351154e-07 5e-08
e 52 39 89.2 61440 2.21077592153637e-07 5e-08
e 52 40 87.3 61440 7.57976267326184e-08 5e-08
e 52 41 87.2 61440 6.22636668001941e-08 5e-08
e 52 42 89.6 61440 5.54332579627281e-08 5e-08
e 52 43 88.3 61440 6.4688496876088e-08 5e-08
e 52 44 88.6 61440 8.70447775097281e-08 5e-08
e 52 45 88.1 61440 5.92534509641365e-08 5e-08
e 52 53 87.9 61440 6.07127346426257e-08 5e-08
e 52 54 88.6 61440 9.61577630345506e-08 5e-08
e 52 55 88.9 61440 1.56284191533973e-07 5e-08
e 52 56 89.9 61440 3.68892335655948e-07 5e-08
e 52 69 89.9 61440 2.68824430960512e-07 5e-08
e 52 70 88.2 61440 1.33980472823314e-07 5e-08
e 52 71 88.7 61440 8.83708632318608e-08 5e-08
e 52 75 89.9 61440 3.14075121573418e-07 5e-08
e 53 4 89 61440 1.16919657222557e-07 5e-08
e 53 5 88 61440 7.39554616328323e-08 5e-08
e 53 7 88.8 61440 1.96482138043181e-07 5e-08
e 53 8 88.3 61440 7.68552454467625e-08 5e-08
e 53 14 89.4 61440 3.25020339838855e-07 5e-08
e 53 23 89.7 61440 1.16368645585406e-06 5e-08
e 53 28 89.4 61440 2.21608616059092e-07 5e-08
e 53 33 90 61440 2.98698240023994e-07 5e-08
e 53 39 88.2 61440 1.08576747289989e-07 5e-08
e 53 40 88.3 61440 6.10657149560071e-08 5e-08
e 53 41 88.2 61440 6.60680380046859e-08 5e-08
e 53 43 88.1 61440 8.83136565320242e-08 5e-08
e 53 44 88.6 61440 1.35356422151085e-07 5e-08
e 53 45 88.4 61440 8.98789717591572e-08 5e-08
e 53 52 87.9 61440 6.07127346426257e-08 5e-08
e 53 54 87.9 61440 6.23979237162045e-08 5e-08
e 53 55 88.6 61440 8.88887359230413e-08 5e-08
e 53 56 88.7 61440 1.44846266875446e-07 5e-08
e 53 57 89.8 61440 3.54267894634373e-07 5e-08
e 53 71 89 61440 1.54439897758282e-07 5e-08
e 54 4 88.9 61440 1.74674250965662e-07 5e-08
e 54 5 88.4 61440 1.0571248885712e-07 5e-08
e 54 6 87.9 61440 1.80102459496592e-07 5e-08
e 54 7 88.4 61440 9.98047513801918e-08 5e-08
e 54 8 88.3 61440 6.09403938222156e-08 5e-08
e 54 22 87.8 61440 8.43878997651329e-07 5e-08
e 54 33 88.4 61440 1.24935278653637e-07 5e-08
e 54 39 88.3 61440 7.24114666501406e-08 5e-08
e 54 40 87.3 61440 6.94459142015809e-08 5e-08
e 54 41 89 61440 9.43940051507798e-08 5e-08
e 54 43 88.9 61440 1.50570487063153e-07 5e-08
e 54 44 89.7 61440 3.5264479528928e-07 5e-08
e 54 45 89 61440 1.71672137378009e-07 5e-08
e 54 52 88.6 61440 9.61577630345506e-08 5e-08
e 54 53 87.9 61440 6.23979237162045e-08 5e-08
e 54 55 88.2 61440 5.73713057280989e-08 5e-08
e 54 56 88.3 61440 8.27299241428469e-08 5e-08
e 54 57 88.5 61440 1.29669201705945e-07 5e-08
e 54 58 89.4 61440 3.38404123022876e-07 5e-08
e 54 71 90 61440 4.19930865995622e-07 5e-08
e 55 5 87.8 61440 1.72658518892144e-07 5e-08
e 55 6 88.3 61440 1.06091123194119e-07 5e-08
e 55 7 88.3 61440 7.32929569444724e-08 5e-08
e 55 8 88.6 61440 6.56036416994687e-08 5e-08
e 55 32 88.5 61440 1.75450479205734e-07 5e-08
e 55 33 88.7 61440 9.30022892893932e-08 5e-08
e 55 38 88.7 61440 2.46669439682047e-07 5e-08
e 55 39 88.3 61440 6.14601330366616e-08 5e-08
e 55 40 88.7 61440 9.28425245267488e-08 5e-08
e 55 41 88.4 61440 1.39925045447344e-07 5e-08
e 55 45 89.9 61440 3.72572236839401e-07 5e-08
e 55 52 88.9 61440 1.56284191533973e-07 5e-08
e 55 53 88.6 61440 8.88887359230413e-08 5e-08
e 55 54 88.2 61440 5.73713057280989e-08 5e-08
e 55 56 88.1 61440 5.90360672690214e-08 5e-08
e 55 57 88.6 61440 8.7613048776924e-08 5e-08
e 55 58 87.9 61440 1.55414613841282e-07 5e-08
e 56 6 88.3 61440 7.471370845669e-08 5e-08
e 56 7 88.2 61440 6.12212471145198e-08 5e-08
e 56 8 88.6 61440 8.80472653479867e-08 5e-08
e 56 33 88.7 61440 7.49653662741743e-08 5e-08
e 56 38 87.9 61440 1.18299349194908e-07 5e-08
e 56 39 88.3 61440 6.66170779860913e-08 5e-08
e 56 40 88.7 61440 1.4620906360356e-07 5e-08
e 56 41 90 61440 3.17266405323899e-07 5e-08
e 56 52 89.9 61440 3.68892335655948e-07 5e-08
e 56 53 88.7 61440 1.44846266875446e-07 5e-08
e 56 54 88.3 61440 8.27299241428469e-08 5e-08
e 56 55 88.1 61440 5.90360672690214e-08 5e-08
e 56 57 88.2 61440 5.97825503185731e-08 5e-08
e 56 58 87.7 61440 9.20394330396037e-08 5e-08
e 57 6 88.5 61440 6.06097891217526e-08 5e-08
e 57 7 88.4 61440 6.71927766540466e-08 5e-08
e 57 8 88.4 61440 1.33041410956899e-07 5e-08
e 57 32 88.9 61440 1.32081499938056e-07 5e-08
e 57 33 88.6 61440 7.44458127455973e-08 5e-08
e 57 38 87.9 61440 7.99512553852299e-08 5e-08
e 57 39 88.6 61440 9.05035396022771e-08 5e-08
e 57 40 90 61440 3.40457761252083e-07 5e-08
e 57 53 89.8 61440 3.54267894634373e-07 5e-08
e 57 54 88.5 61440 1.29669201705945e-07 5e-08
e 57 55 88.6 61440 8.7613048776924e-08 5e-08
e 57 56 88.2 61440 5.97825503185731e-08 5e-08
e 57 58 87.4 61440 6.12664070585049e-08 5e-08
e 58 6 87.9 61440 6.77556498470954e-08 5e-08
e 58 7 88.6 61440 9.58945868133616e-08 5e-08
e 58 8 89.4 61440 3.31556841527785e-07 5e-08
e 58 32 89.8 61440 1.84053890002657e-07 5e-08
e 58 33 88.2 61440 9.64142194123157e-08 5e-08
e 58 38 88.6 61440 6.10596506329161e-08 5e-08
e 58 39 88.6 61440 1.51685803935853e-07 5e-08
e 58 54 89.4 61440 3.38404123022876e-07 5e-08
e 58 55 87.9 61440 1.55414613841282e-07 5e-08
e 58 56 87.7 61440 9.20394330396037e-08 5e-08
e 58 57 87.4 61440 6.12664070585049e-08 5e-08
e 59 9 87.7 61440 8.89712141728363e-08 5e-08
e 59 12 86.4 61440 5.8772031157416e-08 5e-08
e 59 20 86.3 61440 5.71917118657648e-08 5e-08
e 59 21 85.1 61440 6.42043892123578e-08 5e-08
e 59 22 87.4 61440 1.10086722348436e-07 5e-08
e 59 23 89.3 61440 2.81917881285842e-07 5e-08
e 59 46 89 61440 1.52710634419326e-07 5e-08
e 59 60 87.3 61440 6.35146959421573e-08 5e-08
e 59 61 88.5 61440 1.02444151533553e-07 5e-08
e 60 1 88.9 61440 3.1103373925406e-07 5e-08
e 60 9 89.4 61440 1.0895350600497e-07 5e-08
e 60 12 85.7 61440 6.89954948020504e-08 5e-08
e 60 16 89.3 61440 2.77936588789333e-07 5e-08
e 60 20 88.4 61440 7.32806270796454e-08 5e-08
e 60 21 87.2 61440 1.042216649903e-07 5e-08
e 60 22 89.6 61440 2.66866290380436e-07 5e-08
e 60 42 89.8 61440 5.11470948945615e-07 5e-08
e 60 46 89.2 61440 2.13810793536243e-07 5e-08
e 60 59 87.3 61440 6.35146959421573e-08 5e-08
e 60 61 85.3 61440 6.29031578421674e-08 5e-08
e 60 62 86.5 61440 7.43991299345185e-08 5e-08
e 60 63 87.3 61440 1.15774138208877e-07 5e-08
e 60 64 89.9 61440 3.34625207517108e-07 5e-08
e 60 69 89.5 61440 8.93051131421526e-07 5e-08
e 61 1 86.1 61440 1.20046961589952e-07 5e-08
e 61 9 89.6 61440 1.71214617314705e-07 5e-08
e 61 12 87.8 61440 1.08331744547149e-07 5e-08
e 61 16 87.1 61440 1.12652936362138e-07 5e-08
e 61 20 89.6 61440 1.11441381163113e-07 5e-08
e 61 21 86.9 61440 2.37245047435468e-07 5e-08
e 61 46 89.9 61440 3.39664529368099e-07 5e-08
e 61 59 88.5 61440 1.02444151533553e-07 5e-08
e 61 60 85.3 61440 6.29031578421674e-08 5e-08
e 61 62 85.7 61440 5.39219546284259e-08 5e-08
e 61 63 86.6 61440 7.04168746703724e-08 5e-08
e 61 64 87.2 61440 1.23484444208917e-07 5e-08
e 61 65 89.5 61440 1.22381792590597e-07 5e-08
e 62 1 88 61440 1.00757876353092e-07 5e-08
e 62 13 89.4 61440 2.21102274263053e-07 5e-08
e 62 16 86.8 61440 9.94668447901535e-08 5e-08
e 62 20 87.6 61440 1.58673521399241e-07 5e-08
e 62 46 90 61440 5.78031835283815e-07 5e-08
e 62 60 86.5 61440 7.43991299345185e-08 5e-08
e 62 61 85.7 61440 5.39219546284259e-08 5e-08
e 62 63 86.5 61440 6.44838256876341e-08 5e-08
e 62 64 85.6 61440 1.08943353028475e-07 5e-08
e 62 65 88 61440 1.15697070502235e-07 5e-08
e 62 80 89.3 61440 1.37484370349898e-07 5e-08
e 63 1 86.6 61440 6.62267699304469e-08 5e-08
e 63 16 85.8 61440 6.15398985253102e-08 5e-08
e 63 60 87.3 61440 1.15774138208877e-07 5e-08
e 63 61 86.6 61440 7.04168746703724e-08 5e-08
e 63 62 86.5 61440 6.44838256876341e-08 5e-08
e 63 64 86.1 61440 6.64359341816853e-08 5e-08
e 63 65 86.8 61440 6.85566820208892e-08 5e-08
e 63 66 89.6 61440 2.05903212905809e-07 5e-08
e 63 80 87.9 61440 8.30072660183831e-08 5e-08
e 64 1 86.7 61440 5.29223658069604e-08 5e-08
e 64 13 87.4 61440 8.93203214145353e-08 5e-08
e 64 16 86.7 61440 5.0431930673917e-08 5e-08
e 64 60 89.9 61440 3.34625207517108e-07 5e-08
e 64 61 87.2 61440 1.23484444208917e-07 5e-08
e 64 62 85.6 61440 1.08943353028475e-07 5e-08
e 64 63 86.1 61440 6.64359341816853e-08 5e-08
e 64 65 86.7 61440 5.471092517183e-08 5e-08
e 64 66 87.6 61440 1.64598212204676e-07 5e-08
e 64 80 86.9 61440 7.79852929092827e-08 5e-08
e 65 1 87.7 61440 6.45367425169267e-08 5e-08
e 65 13 87.5 61440 6.69769542984238e-08 5e-08
e 65 16 87.2 61440 5.47746765413538e-08 5e-08
e 65 61 89.5 61440 1.22381792590597e-07 5e-08
e 65 62 88 61440 1.15697070502235e-07 5e-08
e 65 63 86.8 61440 6.85566820208892e-08 5e-08
e 65 64 86.7 61440 5.471092517183e-08 5e-08
e 65 66 88.2 61440 1.06934390199892e-07 5e-08
e 65 67 88.3 61440 2.70220363656949e-07 5e-08
e 65 80 86.9 61440 5.99018398992157e-08 5e-08
e 66 1 89.6 61440 2.66349129024587e-07 5e-08
e 66 13 89 61440 6.17339140410127e-08 5e-08
e 66 16 89.2 61440 1.6590283412068e-07 5e-08
e 66 51 87.6 61440 6.85217122739624e-08 5e-08
e 66 63 89.6 61440 2.05903212905809e-07 5e-08
e 66 64 87.6 61440 1.64598212204676e-07 5e-08
e 66 65 88.2 61440 1.06934390199892e-07 5e-08
e 66 67 88.9 61440 6.49280338630646e-08 5e-08
e 66 68 88.9 61440 7.26143556721341e-08 5e-08
e 66 76 88.8 61440 1.1584077179957e-07 5e-08
e 66 80 89.1 61440 7.27746359228783e-08 5e-08
e 67 13 88.6 61440 1.03117715382184e-07 5e-08
e 67 14 88 61440 1.41743255326661e-07 5e-08
e 67 15 89.6 61440 1.42119938643489e-07 5e-08
e 67 44 89.5 61440 3.33902233872355e-07 5e-08
e 67 51 88.5 61440 5.04931486096641e-08 5e-08
e 67 65 88.3 61440 2.70220363656949e-07 5e-08
e 67 66 88.9 61440 6.49280338630646e-08 5e-08
e 67 68 88.5 61440 5.31952494115688e-08 5e-08
e 67 69 88.3 61440 7.781788290343e-08 5e-08
e 67 70 88.4 61440 1.09110545218377e-07 5e-08
e 67 71 88.9 61440 2.05460162313884e-07 5e-08
e 67 72 89.7 61440 2.15113754037228e-07 5e-08
e 67 75 88.2 61440 9.1337440288326e-08 5e-08
e 67 76 87.6 61440 7.0063156390675e-08 5e-08
e 67 77 88.7 61440 6.4964722680907e-08 5e-08
e 67 80 88.7 61440 1.23230585187986e-07 5e-08
e 68 1 89 61440 8.74503696858189e-07 5e-08
e 68 13 89.1 61440 1.14404870119115e-07 5e-08
e 68 14 88.2 61440 1.04941431765258e-07 5e-08
e 68 15 89.9 61440 1.1117955121865e-07 5e-08
e 68 16 89.1 61440 5.78486916303097e-07 5e-08
e 68 44 88.6 61440 2.00514330233707e-07 5e-08
e 68 51 88.2 61440 5.51704606323321e-08 5e-08
e 68 66 88.9 61440 7.26143556721341e-08 5e-08
e 68 67 88.5 61440 5.31952494115688e-08 5e-08
e 68 69 87.7 61440 6.24138919987372e-08 5e-08
e 68 70 88.7 61440 8.53941613927099e-08 5e-08
e 68 71 88.4 61440 1.26033599490305e-07 5e-08
e 68 72 89.5 61440 1.485713839239e-07 5e-08
e 68 73 88.5 61440 1.26117082518564e-07 5e-08
e 68 75 87.4 61440 7.31798243067072e-08 5e-08
e 68 76 86.9 61440 6.17513652137627e-08 5e-08
e 68 77 88.2 61440 6.66683851976754e-08 5e-08
e 68 80 88.7 61440 1.37277502747505e-07 5e-08
e 69 14 88 61440 7.07149992760021e-08 5e-08
e 69 15 88.9 61440 9.53336460087475e-08 5e-08
e 69 41 89.9 61440 4.07129354258469e-07 5e-08
e 69 42 89.1 61440 1.91487161797296e-07 5e-08
e 69 43 88.2 61440 1.77922342847769e-07 5e-08
e 69 44 88.2 61440 1.00694109489354e-07 5e-08
e 69 45 88.5 61440 1.19696770641783e-07 5e-08
e 69 51 88.4 61440 8.36074415195082e-08 5e-08
e 69 52 89.9 61440 2.68824430960512e-07 5e-08
e 69 60 89.5 61440 8.93051131421526e-07 5e-08
e 69 67 88.3 61440 7.781788290343e-08 5e-08
e 69 68 87.7 61440 6.24138919987372e-08 5e-08
e 69 70 88.2 61440 5.58916009779881e-08 5e-08
e 69 71 88 61440 7.70064050031333e-08 5e-08
e 69 72 89.8 61440 1.18625722464875e-07 5e-08
e 69 73 89.1 61440 1.24703092324139e-07 5e-08
e 69 74 89.6 61440 1.25622334769199e-07 5e-08
e 69 75 87.3 61440 6.11357918788885e-08 5e-08
e 69 76 88 61440 6.97920650272181e-08 5e-08
e 69 77 88.9 61440 9.5110560481705e-08 5e-08
e 70 4 89.8 61440 3.63739873077726e-07 5e-08
e 70 5 88.7 61440 2.02192340086029e-07 5e-08
e 70 14 87.4 61440 6.22815571472114e-08 5e-08
e 70 15 87.8 61440 1.00248251604976e-07 5e-08
e 70 28 89.6 61440 6.065818337438e-07 5e-08
e 70 40 89.9 61440 4.53670385503106e-07 5e-08
e 70 41 88.5 61440 2.12827800973219e-07 5e-08
e 70 42 88.8 61440 1.11191327869972e-07 5e-08
e 70 43 87.9 61440 1.10045025153738e-07 5e-08
e 70 44 87.2 61440 7.66402698172196e-08 5e-08
e 70 45 88 61440 8.50856085265463e-08 5e-08
e 70 46 89.2 61440 1.37158928018938e-07 5e-08
e 70 51 88.5 61440 1.17617756384581e-07 5e-08
e 70 52 88.2 61440 1.33980472823314e-07 5e-08
e 70 67 88.4 61440 1.09110545218377e-07 5e-08
e 70 68 88.7 61440 8.53941613927099e-08 5e-08
e 70 69 88.2 61440 5.58916009779881e-08 5e-08
e 70 71 86.9 61440 5.76771306077592e-08 5e-08
e 70 72 89 61440 1.22061456150524e-07 5e-08
e 70 73 88.8 61440 1.5511132389862e-07 5e-08
e 70 74 89.1 61440 1.36309921850244e-07 5e-08
e 70 75 86.8 61440 6.79702251097254e-08 5e-08
e 70 76 88.2 61440 9.04577509614639e-08 5e-08
e 70 77 88.4 61440 1.32830704595217e-07 5e-08
e 71 4 89.3 61440 2.04823725373235e-07 5e-08
e 71 5 88.1 61440 1.12911730680147e-07 5e-08
e 71 13 89.2 61440 4.60295566737276e-07 5e-08
e 71 14 87.6 61440 6.62138067194435e-08 5e-08
e 71 15 88.8 61440 1.18605512813429e-07 5e-08
e 71 21 89.8 61440 1.1921894797334e-06 5e-08
e 71 28 89.4 61440 3.82358950430812e-07 5e-08
e 71 40 88.8 61440 2.14842123210035e-07 5e-08
e 71 41 87.9 61440 1.13998071540723e-07 5e-08
e 71 42 88.5 61440 7.67711079155903e-08 5e-08
e 71 43 88.2 61440 7.89070967712356e-08 5e-08
e 71 44 88.4 61440 6.27367685010028e-08 5e-08
e 71 45 87.8 61440 5.99390443215989e-08 5e-08
e 71 46 89.1 61440 9.83723287558213e-08 5e-08
e 71 51 89.5 61440 2.39885675578268e-07 5e-08
e 71 52 88.7 61440 8.83708632318608e-08 5e-08
e 71 53 89 61440 1.54439897758282e-07 5e-08
e 71 54 90 61440 4.19930865995622e-07 5e-08
e 71 67 88.9 61440 2.05460162313884e-07 5e-08
e 71 68 88.4 61440 1.26033599490305e-07 5e-08
e 71 69 88 61440 7.70064050031333e-08 5e-08
e 71 70 86.9 61440 5.76771306077592e-08 5e-08
e 71 72 88.4 61440 1.51489321828027e-07 5e-08
e 71 73 88.3 61440 2.35986137866908e-07 5e-08
e 71 74 88.6 61440 1.8113535085347e-07 5e-08
e 71 75 88.3 61440 8.93467722150372e-08 5e-08
e 71 76 88.6 61440 1.28340756557431e-07 5e-08
e 71 77 89.4 61440 2.80084251427676e-07 5e-08
e 72 4 89.1 61440 2.61558092718025e-07 5e-08
e 72 10 88.5 61440 1.25886968787118e-07 5e-08
e 72 11 89 61440 1.60872104318454e-07 5e-08
e 72 14 86.3 61440 7.9050864651662e-08 5e-08
e 72 15 86.1 61440 5.24600479085782e-08 5e-08
e 72 26 86.9 61440 8.77213520780345e-08 5e-08
e 72 27 87.7 61440 1.29555313454436e-07 5e-08
e 72 28 88.5 61440 2.87053369134495e-07 5e-08
e 72 43 87.1 61440 1.76328903018819e-07 5e-08
e 72 44 87.8 61440 1.04277392312171e-07 5e-08
e 72 45 88.9 61440 2.5321973980666e-07 5e-08
e 72 47 87.7 61440 1.70445084221305e-07 5e-08
e 72 48 88.3 61440 9.37810330783717e-08 5e-08
e 72 49 87.6 61440 8.09131760437663e-08 5e-08
e 72 51 89.6 61440 2.13199109136553e-07 5e-08
e 72 67 89.7 61440 2.15113754037228e-07 5e-08
e 72 68 89.5 61440 1.485713839239e-07 5e-08
e 72 69 89.8 61440 1.18625722464875e-07 5e-08
e 72 70 89 61440 1.22061456150524e-07 5e-08
e 72 71 88.4 61440 1.51489321828027e-07 5e-08
e 72 73 85.4 61440 5.59139815993269e-08 5e-08
e 72 74 86.4 61440 5.04319591656133e-08 5e-08
e 72 75 87.9 61440 7.48663557580969e-08 5e-08
e 72 76 89 61440 8.78338503593166e-08 5e-08
e 73 10 88.5 61440 9.74199821336063e-08 5e-08
e 73 11 88 61440 1.55563152665165e-07 5e-08
e 73 14 87.5 61440 9.83525708146373e-08 5e-08
e 73 15 85.5 61440 5.73827707688625e-08 5e-08
e 73 26 87.1 61440 1.07069660058822e-07 5e-08
e 73 27 88 61440 2.26450526538589e-07 5e-08
e 73 44 86.8 61440 1.5336039222913e-07 5e-08
e 73 47 88.9 61440 1.11125829980886e-07 5e-08
e 73 48 87.4 61440 8.00027942756541e-08 5e-08
e 73 49 86.4 61440 8.04043767162932e-08 5e-08
e 73 68 88.5 61440 1.26117082518564e-07 5e-08
e 73 69 89.1 61440 1.24703092324139e-07 5e-08
e 73 70 88.8 61440 1.5511132389862e-07 5e-08
e 73 71 88.3 61440 2.35986137866908e-07 5e-08
e 73 72 85.4 61440 5.59139815993269e-08 5e-08
e 73 74 84.9 61440 5.37877331806467e-08 5e-08
e 73 75 87.1 61440 7.89460509577036e-08 5e-08
e 73 76 88.4 61440 7.81128132852469e-08 5e-08
e 73 77 89.4 61440 9.40695923736852e-08 5e-08
e 74 10 88.3 61440 1.14870189458918e-07 5e-08
e 74 11 89.1 61440 1.40771802168385e-07 5e-08
e 74 14 87.4 61440 8.60308568127067e-08 5e-08
e 74 15 85.9 61440 5.39033625230323e-08 5e-08
e 74 26 86.3 61440 8.67352789373384e-08 5e-08
e 74 27 87.7 61440 1.3543299923731e-07 5e-08
e 74 43 87.9 61440 2.12326591646808e-07 5e-08
e 74 44 88.9 61440 1.14392527374874e-07 5e-08
e 74 47 87.9 61440 1.41434266071418e-07 5e-08
e 74 48 87.1 61440 8.58289906855825e-08 5e-08
e 74 49 87.8 61440 7.5699109955785e-08 5e-08
e 74 69 89.6 61440 1.25622334769199e-07 5e-08
e 74 70 89.1 61440 1.36309921850244e-07 5e-08
e 74 71 88.6 61440 1.8113535085347e-07 5e-08
e 74 72 86.4 61440 5.04319591656133e-08 5e-08
e 74 73 84.9 61440 5.37877331806467e-08 5e-08
e 74 75 88 61440 7.88207033257132e-08 5e-08
e 75 14 87.4 61440 5.9909440016232e-08 5e-08
e 75 15 87.6 61440 6.17071599860412e-08 5e-08
e 75 43 88.6 61440 1.54882709055803e-07 5e-08
e 75 44 88.7 61440 9.05352969498223e-08 5e-08
e 75 45 88.4 61440 1.37665160410265e-07 5e-08
e 75 47 89.8 61440 4.01888190699247e-07 5e-08
e 75 48 87.5 61440 2.29902655013028e-07 5e-08
e 75 49 89.2 61440 2.0302037612401e-07 5e-08
e 75 51 88.2 61440 9.40847285456215e-08 5e-08
e 75 52 89.9 61440 3.14075121573418e-07 5e-08
e 75 67 88.2 61440 9.1337440288326e-08 5e-08
e 75 68 87.4 61440 7.31798243067072e-08 5e-08
e 75 69 87.3 61440 6.11357918788885e-08 5e-08
e 75 70 86.8 61440 6.79702251097254e-08 5e-08
e 75 71 88.3 61440 8.93467722150372e-08 5e-08
e 75 72 87.9 61440 7.48663557580969e-08 5e-08
e 75 73 87.1 61440 7.89460509577036e-08 5e-08
e 75 74 88 61440 7.88207033257132e-08 5e-08
e 75 76 88.2 61440 5.81251002998221e-08 5e-08
e 75 77 88.4 61440 8.30129439851384e-08 5e-08
e 76 10 89.1 61440 2.42443060062715e-07 5e-08
e 76 14 87.6 61440 8.59792553652175e-08 5e-08
e 76 15 88.4 61440 7.26729299576414e-08 5e-08
e 76 26 89.6 61440 3.45813911123537e-07 5e-08
e 76 43 89.9 61440 3.5025927347639e-07 5e-08
e 76 44 88.4 61440 1.43828107966474e-07 5e-08
e 76 45 89.6 61440 2.98894887834375e-07 5e-08
e 76 47 89.8 61440 2.77622297981493e-07 5e-08
e 76 48 89.7 61440 2.08654921376391e-07 5e-08
e 76 49 88.6 61440 2.27658480926156e-07 5e-08
e 76 51 87.7 61440 6.96936800475748e-08 5e-08
e 76 66 88.8 61440 1.1584077179957e-07 5e-08
e 76 67 87.6 61440 7.0063156390675e-08 5e-08
e 76 68 86.9 61440 6.17513652137627e-08 5e-08
e 76 69 88 61440 6.97920650272181e-08 5e-08
e 76 70 88.2 61440 9.04577509614639e-08 5e-08
e 76 71 88.6 61440 1.28340756557431e-07 5e-08
e 76 72 89 61440 8.78338503593166e-08 5e-08
e 76 73 88.4 61440 7.81128132852469e-08 5e-08
e 76 75 88.2 61440 5.81251002998221e-08 5e-08
e 76 77 88 61440 5.8382506267392e-08 5e-08
e 77 10 88.5 61440 2.18615658950984e-07 5e-08
e 77 14 88.4 61440 1.3132785573861e-07 5e-08
e 77 47 89.7 61440 2.26743750146366e-07 5e-08
e 77 48 88.6 61440 2.37740938714324e-07 5e-08
e 77 49 89.3 61440 3.13675514987521e-07 5e-08
e 77 51 88.6 61440 6.14439303596129e-08 5e-08
e 77 67 88.7 61440 6.4964722680907e-08 5e-08
e 77 68 88.2 61440 6.66683851976754e-08 5e-08
e 77 69 88.9 61440 9.5110560481705e-08 5e-08
e 77 70 88.4 61440 1.32830704595217e-07 5e-08
e 77 71 89.4 61440 2.80084251427676e-07 5e-08
e 77 73 89.4 61440 9.40695923736852e-08 5e-08
e 77 75 88.4 61440 8.30129439851384e-08 5e-08
e 77 76 88 61440 5.8382506267392e-08 5e-08
e 78 2 85.3 61440 5.43114516348509e-08 5e-08
e 78 3 89.8 61440 4.727148652797e-07 5e-08
e 78 19 86.3 61440 2.02756788693365e-07 5e-08
e 78 30 88.3 61440 1.2453536929753e-07 5e-08
e 78 31 87 61440 8.69688423561956e-08 5e-08
e 78 32 87.4 61440 9.68106013354976e-08 5e-08
e 78 34 84.6 61440 8.10742541306541e-08 5e-08
e 78 35 86.1 61440 5.26187883682306e-08 5e-08
e 78 36 84.3 61440 7.03187911973104e-08 5e-08
e 78 37 86.4 61440 5.94598372474296e-08 5e-08
e 78 79 87.5 61440 7.61399498620913e-08 5e-08
e 78 81 88.2 61440 1.03561868109565e-07 5e-08
e 78 82 87.1 61440 7.07599944184389e-08 5e-08
e 79 2 88.2 61440 1.01669891196791e-07 5e-08
e 79 19 88.2 61440 1.92092589913881e-07 5e-08
e 79 34 89.1 61440 1.95260796544039e-07 5e-08
e 79 35 86.3 61440 6.22353556590917e-08 5e-08
e 79 36 86.4 61440 6.71587950202856e-08 5e-08
e 79 37 85.9 61440 5.571200966624e-08 5e-08
e 79 78 87.5 61440 7.61399498620913e-08 5e-08
e 79 81 87.3 61440 9.98756101414802e-08 5e-08
e 79 82 85 61440 6.69701587858416e-08 5e-08
e 80 1 88.4 61440 9.68042447888025e-08 5e-08
e 80 13 87.3 61440 5.2740312751147e-08 5e-08
e 80 16 87.1 61440 7.66898866409776e-08 5e-08
e 80 51 89 61440 1.37386702116665e-07 5e-08
e 80 62 89.3 61440 1.37484370349898e-07 5e-08
e 80 63 87.9 61440 8.30072660183831e-08 5e-08
e 80 64 86.9 61440 7.79852929092827e-08 5e-08
e 80 65 86.9 61440 5.99018398992157e-08 5e-08
e 80 66 89.1 61440 7.27746359228783e-08 5e-08
e 80 67 88.7 61440 1.23230585187986e-07 5e-08
e 80 68 88.7 61440 1.37277502747505e-07 5e-08
e 81 2 87.8 61440 1.18978664902968e-07 5e-08
e 81 3 88.2 61440 9.73518586506474e-08 5e-08
e 81 4 89.9 61440 3.99396958076614e-07 5e-08
e 81 17 87.7 61440 9.58963258180069e-08 5e-08
e 81 18 87.6 61440 1.14545404153939e-07 5e-08
e 81 19 85.7 61440 6.0743072466084e-08 5e-08
e 81 28 88.7 61440 2.14386240096079e-07 5e-08
e 81 29 87.9 61440 1.250624593956e-07 5e-08
e 81 30 86.9 61440 1.07350247148068e-07 5e-08
e 81 31 88.4 61440 1.15394384406002e-07 5e-08
e 81 35 88.3 61440 9.79265399451483e-08 5e-08
e 81 36 87.9 61440 1.90277497496533e-07 5e-08
e 81 37 88 61440 8.31179922484589e-08 5e-08
e 81 78 88.2 61440 1.03561868109565e-07 5e-08
e 81 79 87.3 61440 9.98756101414802e-08 5e-08
e 81 82 85.6 61440 6.03711048148655e-08 5e-08
e 82 2 87.3 61440 8.66986202149975e-08 5e-08
e 82 3 89.3 61440 1.81752262522265e-07 5e-08
e 82 17 88.4 61440 1.73494559867585e-07 5e-08
e 82 18 87.8 61440 2.33086756773941e-07 5e-08
e 82 19 88.2 61440 9.22243857159364e-08 5e-08
e 82 28 88.6 61440 4.18803139162241e-07 5e-08
e 82 29 87.9 61440 2.16415120289529e-07 5e-08
e 82 30 88.2 61440 1.21557092527048e-07 5e-08
e 82 31 88.7 61440 1.07803798175597e-07 5e-08
e 82 32 89.4 61440 1.90147116495794e-07 5e-08
e 82 34 88.9 61440 1.80149069524504e-07 5e-08
e 82 35 86 61440 6.45293177816245e-08 5e-08
e 82 36 87.2 61440 9.86057047587006e-08 5e-08
e 82 37 85.7 61440 5.64232823285677e-08 5e-08
e 82 78 87.1 61440 7.07599944184389e-08 5e-08
e 82 79 85 61440 6.69701587858416e-08 5e-08
e 82 81 85.6 61440 6.03711048148655e-08 5e-08
initial_energy 1 0.5
initial_energy 2 0.5
initial_energy 3 0.5
initial_energy 4 0.5
initial_energy 5 0.5
initial_energy 6 0.5
initial_energy 7 0.5
initial_energy 8 0.5
initial_energy 9 0.5
initial_energy 10 0.5
initial_energy 11 0.5
initial_energy 12 0.5
initial_energy 13 0.5
initial_energy 14 0.5
initial_energy 15 0.5
initial_energy 16 0.5
initial_energy 17 0.5
initial_energy 18 0.5
initial_energy 19 0.5
initial_energy 20 0.5
initial_energy 21 0.5
initial_energy 22 0.5
initial_energy 23 0.5
initial_energy 24 0.5
initial_energy 25 0.5
initial_energy 26 0.5
initial_energy 27 0.5
initial_energy 28 0.5
initial_energy 29 0.5
initial_energy 30 0.5
initial_energy 31 0.5
initial_energy 32 0.5
initial_energy 33 0.5
initial_energy 34 0.5
initial_energy 35 0.5
initial_energy 36 0.5
initial_energy 37 0.5
initial_energy 38 0.5
initial_energy 39 0.5
initial_energy 40 0.5
initial_energy 41 0.5
initial_energy 42 0.5
initial_energy 43 0.5
initial_energy 44 0.5
initial_energy 45 0.5
initial_energy 46 0.5
initial_energy 47 0.5
initial_energy 48 0.5
initial_energy 49 0.5
initial_energy 50 0.5
initial_energy 51 0.5
initial_energy 52 0.5
initial_energy 53 0.5
initial_energy 54 0.5
initial_energy 55 0.5
initial_energy 56 0.5
initial_energy 57 0.5
initial_energy 58 0.5
initial_energy 59 0.5
initial_energy 60 0.5
initial_energy 61 0.5
initial_energy 62 0.5
initial_energy 63 0.5
initial_energy 64 0.5
initial_energy 65 0.5
initial_energy 66 0.5
initial_energy 67 0.5
initial_energy 68 0.5
initial_energy 69 0.5
initial_energy 70 0.5
initial_energy 71 0.5
initial_energy 72 0.5
initial_energy 73 0.5
initial_energy 74 0.5
initial_energy 75 0.5
initial_energy 76 0.5
initial_energy 77 0.5
initial_energy 78 0.5
initial_energy 79 0.5
initial_energy 80 0.5
initial_energy 81 0.5
initial_energy 82 0.5
packet_size 4096
num_disjoints 2
