sensors 15
relays 66
cost 17 100
cost 18 100
cost 19 100
cost 20 100
cost 21 100
cost 22 100
cost 23 100
cost 24 100
cost 25 100
cost 26 100
cost 27 100
cost 28 100
cost 29 100
cost 30 100
cost 31 100
cost 32 100
cost 33 100
cost 34 100
cost 35 100
cost 36 100
cost 37 100
cost 38 100
cost 39 100
cost 40 100
cost 41 100
cost 42 100
cost 43 100
cost 44 100
cost 45 100
cost 46 100
cost 47 100
cost 48 100
cost 49 100
cost 50 100
cost 51 100
cost 52 100
cost 53 100
cost 54 100
cost 55 100
cost 56 100
cost 57 100
cost 58 100
cost 59 100
cost 60 100
cost 61 100
cost 62 100
cost 63 100
cost 64 100
cost 65 100
cost 66 100
cost 67 100
cost 68 100
cost 69 100
cost 70 100
cost 71 100
cost 72 100
cost 73 100
cost 74 100
cost 75 100
cost 76 100
cost 77 100
cost 78 100
cost 79 100
cost 80 100
cost 81 100
cost 82 100
e 2 4 88.8 61440 1.27462630921219e-07 5e-08
e 2 5 88.3 61440 1.88680342089941e-07 5e-08
e 2 17 88.9 61440 2.47944388397592e-07 5e-08
e 2 18 85.9 61440 6.45916290653538e-08 5e-08
e 2 19 86.1 61440 6.44744204682318e-08 5e-08
e 2 20 86.9 61440 8.09819540223261e-08 5e-08
e 2 27 88.2 61440 1.50642033789412e-07 5e-08
e 2 28 89.1 61440 2.62311695322434e-07 5e-08
e 2 30 88.7 61440 1.08004466044991e-07 5e-08
e 2 31 88.4 61440 1.14590268353782e-07 5e-08
e 2 32 88.3 61440 1.66882639369813e-07 5e-08
e 2 37 88.8 61440 1.36529724955453e-07 5e-08
e 2 77 86.3 61440 2.02756788693365e-07 5e-08
e 2 78 88.2 61440 1.92092589913881e-07 5e-08
e 2 81 85.7 61440 6.0743072466084e-08 5e-08
e 2 82 88.2 61440 9.22243857159364e-08 5e-08
e 3 22 86.5 61440 3.16601189250072e-07 5e-08
e 3 23 86 61440 1.1345550486518e-07 5e-08
e 3 24 86.2 61440 6.72520330757316e-08 5e-08
e 3 25 87.6 61440 6.9522337242342e-08 5e-08
e 4 2 88.8 61440 1.27462630921219e-07 5e-08
e 4 7 88.9 61440 1.00536550686526e-07 5e-08
e 4 15 89.6 61440 6.065818337438e-07 5e-08
e 4 18 88.4 61440 1.87890242536839e-07 5e-08
e 4 19 87.2 61440 8.85370088878363e-08 5e-08
e 4 20 85.5 61440 6.3078016079546e-08 5e-08
e 4 26 87.1 61440 1.24522231146615e-07 5e-08
e 4 27 86.7 61440 7.61390388057863e-08 5e-08
e 4 28 85.2 61440 5.71443416521634e-08 5e-08
e 4 29 89.7 61440 9.05334020220611e-08 5e-08
e 4 30 85.1 61440 5.78645856774399e-08 5e-08
e 4 31 88.3 61440 9.21859956851639e-08 5e-08
e 4 32 87.3 61440 1.73614188863384e-07 5e-08
e 4 41 88.4 61440 1.65131485436524e-07 5e-08
e 4 42 88 61440 1.10612219656917e-07 5e-08
e 4 43 89.9 61440 1.0932933908223e-07 5e-08
e 4 44 89.5 61440 1.45675088730785e-07 5e-08
e 4 45 89.9 61440 2.51148697948996e-07 5e-08
e 4 46 89.9 61440 8.63101742461841e-07 5e-08
e 4 54 89.6 61440 2.06910829351154e-07 5e-08
e 4 55 89.4 61440 2.21608616059092e-07 5e-08
e 4 69 89.4 61440 3.82358950430812e-07 5e-08
e 4 72 88.5 61440 2.87053369134495e-07 5e-08
e 4 81 88.7 61440 2.14386240096079e-07 5e-08
e 4 82 88.6 61440 4.18803139162241e-07 5e-08
e 5 2 88.3 61440 1.88680342089941e-07 5e-08
e 5 17 86.1 61440 6.36494876353662e-08 5e-08
e 5 31 88.4 61440 1.63417438671149e-07 5e-08
e 5 32 88.9 61440 1.05345148224493e-07 5e-08
e 5 33 88.3 61440 1.21567353779349e-07 5e-08
e 5 35 87.3 61440 9.85075280523736e-08 5e-08
e 5 36 84.7 61440 6.30692405930815e-08 5e-08
e 5 37 86.6 61440 5.27996690771853e-08 5e-08
e 5 77 86.1 61440 5.26187883682306e-08 5e-08
e 5 78 86.3 61440 6.22353556590917e-08 5e-08
e 5 81 88.3 61440 9.79265399451483e-08 5e-08
e 5 82 86 61440 6.45293177816245e-08 5e-08
e 6 10 88.3 61440 1.06091123194119e-07 5e-08
e 6 17 89.3 61440 2.07117072554707e-07 5e-08
e 6 32 88.9 61440 1.56682512002277e-07 5e-08
e 6 33 87 61440 8.59584509880596e-08 5e-08
e 6 34 88.7 61440 5.70695283310429e-08 5e-08
e 6 38 88.5 61440 6.50489798553883e-08 5e-08
e 6 39 88.3 61440 6.03118264918291e-08 5e-08
e 6 40 88.3 61440 8.69291046533665e-08 5e-08
e 6 41 88.2 61440 1.33500993292179e-07 5e-08
e 6 42 89.9 61440 3.575764511644e-07 5e-08
e 6 56 87.9 61440 1.80102459496592e-07 5e-08
e 6 57 88.3 61440 7.471370845669e-08 5e-08
e 6 58 88.5 61440 6.06097891217526e-08 5e-08
e 6 59 87.9 61440 6.77556498470954e-08 5e-08
e 7 4 88.9 61440 1.00536550686526e-07 5e-08
e 7 8 88.3 61440 8.32053605083561e-08 5e-08
e 7 10 88.4 61440 1.39925045447344e-07 5e-08
e 7 15 88.5 61440 2.12827800973219e-07 5e-08
e 7 20 88.9 61440 2.21284866708682e-07 5e-08
e 7 27 89.4 61440 2.37020011547019e-07 5e-08
e 7 28 86.5 61440 6.97905523473562e-08 5e-08
e 7 29 87.9 61440 5.0785075208006e-08 5e-08
e 7 31 89.4 61440 1.69650690886083e-07 5e-08
e 7 40 88.7 61440 1.41438622479134e-07 5e-08
e 7 41 88.3 61440 8.94688714392728e-08 5e-08
e 7 42 88.2 61440 5.80232190333499e-08 5e-08
e 7 43 87.9 61440 5.91709745675167e-08 5e-08
e 7 44 88.4 61440 8.76774245158444e-08 5e-08
e 7 45 88.4 61440 7.79351406256077e-08 5e-08
e 7 54 87.2 61440 6.22636668001941e-08 5e-08
e 7 55 88.2 61440 6.60680380046859e-08 5e-08
e 7 56 89 61440 9.43940051507798e-08 5e-08
e 7 57 90 61440 3.17266405323899e-07 5e-08
e 7 68 89.9 61440 4.07129354258469e-07 5e-08
e 7 69 87.9 61440 1.13998071540723e-07 5e-08
e 7 70 88.5 61440 1.4965459568619e-07 5e-08
e 8 7 88.3 61440 8.32053605083561e-08 5e-08
e 8 15 88.8 61440 1.11191327869972e-07 5e-08
e 8 21 89.4 61440 1.82404021605666e-07 5e-08
e 8 28 89.3 61440 1.74488539147044e-07 5e-08
e 8 29 88.9 61440 8.94924416864539e-08 5e-08
e 8 43 88.4 61440 7.71829757726326e-08 5e-08
e 8 44 88.8 61440 9.13038402583808e-08 5e-08
e 8 45 87.6 61440 5.64039303216574e-08 5e-08
e 8 46 87.4 61440 6.08895096413767e-08 5e-08
e 8 47 89 61440 9.20542145178248e-08 5e-08
e 8 54 89.6 61440 5.54332579627281e-08 5e-08
e 8 61 89.8 61440 5.11470948945615e-07 5e-08
e 8 68 89.1 61440 1.91487161797296e-07 5e-08
e 8 69 88.5 61440 7.67711079155903e-08 5e-08
e 8 70 88.8 61440 1.26037706327263e-07 5e-08
e 9 16 87.1 61440 8.58289906855825e-08 5e-08
e 9 26 86.8 61440 9.6452333372811e-08 5e-08
e 9 48 86.6 61440 6.93227413562749e-08 5e-08
e 9 49 86.2 61440 5.91409993459079e-08 5e-08
e 9 50 85.7 61440 5.74713420064727e-08 5e-08
e 9 51 86.3 61440 7.35160026392036e-08 5e-08
e 9 52 89 61440 1.09396734700642e-07 5e-08
e 9 71 88.2 61440 1.10868226659767e-07 5e-08
e 9 72 88.3 61440 9.37810330783717e-08 5e-08
e 9 73 87.4 61440 8.00027942756541e-08 5e-08
e 9 74 87.5 61440 2.29902655013028e-07 5e-08
e 9 75 89.7 61440 2.08654921376391e-07 5e-08
e 9 76 88.6 61440 2.37740938714324e-07 5e-08
e 10 6 88.3 61440 1.06091123194119e-07 5e-08
e 10 7 88.4 61440 1.39925045447344e-07 5e-08
e 10 29 87.8 61440 1.72658518892144e-07 5e-08
e 10 33 88.5 61440 1.75450479205734e-07 5e-08
e 10 34 88.7 61440 9.30022892893932e-08 5e-08
e 10 38 88.7 61440 2.46669439682047e-07 5e-08
e 10 39 88.3 61440 7.32929569444724e-08 5e-08
e 10 40 88.3 61440 6.14601330366616e-08 5e-08
e 10 41 88.6 61440 6.56036416994687e-08 5e-08
e 10 42 88.7 61440 9.28425245267488e-08 5e-08
e 10 45 89.9 61440 3.72572236839401e-07 5e-08
e 10 54 88.9 61440 1.56284191533973e-07 5e-08
e 10 55 88.6 61440 8.88887359230413e-08 5e-08
e 10 56 88.2 61440 5.73713057280989e-08 5e-08
e 10 57 88.1 61440 5.90360672690214e-08 5e-08
e 10 58 88.6 61440 8.7613048776924e-08 5e-08
e 10 59 87.9 61440 1.55414613841282e-07 5e-08
e 11 21 86.3 61440 5.71917118657648e-08 5e-08
e 11 22 85.1 61440 6.42043892123578e-08 5e-08
e 11 23 87.4 61440 1.10086722348436e-07 5e-08
e 11 24 89.3 61440 2.81917881285842e-07 5e-08
e 11 46 89 61440 1.52710634419326e-07 5e-08
e 11 47 87.7 61440 8.89712141728363e-08 5e-08
e 11 60 86.4 61440 5.8772031157416e-08 5e-08
e 11 61 87.3 61440 6.35146959421573e-08 5e-08
e 11 62 88.5 61440 1.02444151533553e-07 5e-08
e 12 1 88 61440 1.00757876353092e-07 5e-08
e 12 13 88 61440 1.15697070502235e-07 5e-08
e 12 21 87.6 61440 1.58673521399241e-07 5e-08
e 12 46 90 61440 5.78031835283815e-07 5e-08
e 12 61 86.5 61440 7.43991299345185e-08 5e-08
e 12 62 85.7 61440 5.39219546284259e-08 5e-08
e 12 63 86.5 61440 6.44838256876341e-08 5e-08
e 12 64 85.6 61440 1.08943353028475e-07 5e-08
e 12 65 89.4 61440 2.21102274263053e-07 5e-08
e 12 79 86.8 61440 9.94668447901535e-08 5e-08
e 12 80 89.3 61440 1.37484370349898e-07 5e-08
e 13 1 87.7 61440 6.45367425169267e-08 5e-08
e 13 12 88 61440 1.15697070502235e-07 5e-08
e 13 14 88.3 61440 2.70220363656949e-07 5e-08
e 13 62 89.5 61440 1.22381792590597e-07 5e-08
e 13 63 86.8 61440 6.85566820208892e-08 5e-08
e 13 64 86.7 61440 5.471092517183e-08 5e-08
e 13 65 87.5 61440 6.69769542984238e-08 5e-08
e 13 66 88.2 61440 1.06934390199892e-07 5e-08
e 13 79 87.2 61440 5.47746765413538e-08 5e-08
e 13 80 86.9 61440 5.99018398992157e-08 5e-08
e 14 13 88.3 61440 2.70220363656949e-07 5e-08
e 14 15 88.4 61440 1.09110545218377e-07 5e-08
e 14 44 89.5 61440 3.33902233872355e-07 5e-08
e 14 53 88.5 61440 5.04931486096641e-08 5e-08
e 14 65 88.6 61440 1.03117715382184e-07 5e-08
e 14 66 88.9 61440 6.49280338630646e-08 5e-08
e 14 67 88.5 61440 5.31952494115688e-08 5e-08
e 14 68 88.3 61440 7.781788290343e-08 5e-08
e 14 69 88.9 61440 2.05460162313884e-07 5e-08
e 14 70 88 61440 1.41743255326661e-07 5e-08
e 14 71 89.6 61440 1.42119938643489e-07 5e-08
e 14 72 89.7 61440 2.15113754037228e-07 5e-08
e 14 74 88.2 61440 9.1337440288326e-08 5e-08
e 14 75 87.6 61440 7.0063156390675e-08 5e-08
e 14 76 88.7 61440 6.4964722680907e-08 5e-08
e 14 80 88.7 61440 1.23230585187986e-07 5e-08
e 15 4 89.6 61440 6.065818337438e-07 5e-08
e 15 7 88.5 61440 2.12827800973219e-07 5e-08
e 15 8 88.8 61440 1.11191327869972e-07 5e-08
e 15 14 88.4 61440 1.09110545218377e-07 5e-08
e 15 16 89.1 61440 1.36309921850244e-07 5e-08
e 15 28 89.8 61440 3.63739873077726e-07 5e-08
e 15 29 88.7 61440 2.02192340086029e-07 5e-08
e 15 42 89.9 61440 4.53670385503106e-07 5e-08
e 15 43 87.9 61440 1.10045025153738e-07 5e-08
e 15 44 87.2 61440 7.66402698172196e-08 5e-08
e 15 45 88 61440 8.50856085265463e-08 5e-08
e 15 46 89.2 61440 1.37158928018938e-07 5e-08
e 15 53 88.5 61440 1.17617756384581e-07 5e-08
e 15 54 88.2 61440 1.33980472823314e-07 5e-08
e 15 67 88.7 61440 8.53941613927099e-08 5e-08
e 15 68 88.2 61440 5.58916009779881e-08 5e-08
e 15 69 86.9 61440 5.76771306077592e-08 5e-08
e 15 70 87.4 61440 6.22815571472114e-08 5e-08
e 15 71 87.8 61440 1.00248251604976e-07 5e-08
e 15 72 89 61440 1.22061456150524e-07 5e-08
e 15 73 88.8 61440 1.5511132389862e-07 5e-08
e 15 74 86.8 61440 6.79702251097254e-08 5e-08
e 15 75 88.2 61440 9.04577509614639e-08 5e-08
e 15 76 88.4 61440 1.32830704595217e-07 5e-08
e 16 9 87.1 61440 8.58289906855825e-08 5e-08
e 16 15 89.1 61440 1.36309921850244e-07 5e-08
e 16 26 86.3 61440 8.67352789373384e-08 5e-08
e 16 27 87.7 61440 1.3543299923731e-07 5e-08
e 16 43 87.9 61440 2.12326591646808e-07 5e-08
e 16 44 88.9 61440 1.14392527374874e-07 5e-08
e 16 48 87.9 61440 1.41434266071418e-07 5e-08
e 16 49 88.3 61440 1.14870189458918e-07 5e-08
e 16 50 87.8 61440 7.5699109955785e-08 5e-08
e 16 51 89.1 61440 1.40771802168385e-07 5e-08
e 16 68 89.6 61440 1.25622334769199e-07 5e-08
e 16 69 88.6 61440 1.8113535085347e-07 5e-08
e 16 70 87.4 61440 8.60308568127067e-08 5e-08
e 16 71 85.9 61440 5.39033625230323e-08 5e-08
e 16 72 86.4 61440 5.04319591656133e-08 5e-08
e 16 73 84.9 61440 5.37877331806467e-08 5e-08
e 16 74 88 61440 7.88207033257132e-08 5e-08
e 17 2 88.9 61440 2.47944388397592e-07 5e-08
e 17 5 86.1 61440 6.36494876353662e-08 5e-08
e 17 6 89.3 61440 2.07117072554707e-07 5e-08
e 17 30 88.4 61440 2.55150621645599e-07 5e-08
e 17 31 86.9 61440 1.08527750451418e-07 5e-08
e 17 32 84.7 61440 7.13391627907626e-08 5e-08
e 17 33 85.2 61440 7.27332534435887e-08 5e-08
e 17 35 84.9 61440 6.61408972134156e-08 5e-08
e 17 36 86.4 61440 8.70404355637956e-08 5e-08
e 17 37 87.3 61440 7.57590025261496e-08 5e-08
e 17 40 89.6 61440 2.4683703207638e-07 5e-08
e 17 77 85.3 61440 5.43114516348509e-08 5e-08
e 17 78 88.2 61440 1.01669891196791e-07 5e-08
e 17 81 87.8 61440 1.18978664902968e-07 5e-08
e 17 82 87.3 61440 8.66986202149975e-08 5e-08
e 18 2 85.9 61440 6.45916290653538e-08 5e-08
e 18 4 88.4 61440 1.87890242536839e-07 5e-08
e 18 19 86.8 61440 6.55282321157132e-08 5e-08
e 18 20 87.9 61440 9.26729736946978e-08 5e-08
e 18 26 88.6 61440 2.57628214670275e-07 5e-08
e 18 27 87.6 61440 1.24725324619316e-07 5e-08
e 18 30 89.5 61440 1.7869024831394e-07 5e-08
e 18 31 89.5 61440 2.67440826115256e-07 5e-08
e 18 51 89.4 61440 4.18276008843168e-07 5e-08
e 18 81 87.7 61440 9.58963258180069e-08 5e-08
e 18 82 88.4 61440 1.73494559867585e-07 5e-08
e 19 2 86.1 61440 6.44744204682318e-08 5e-08
e 19 4 87.2 61440 8.85370088878363e-08 5e-08
e 19 18 86.8 61440 6.55282321157132e-08 5e-08
e 19 20 86.2 61440 5.67194875892221e-08 5e-08
e 19 26 86.3 61440 1.36742025298335e-07 5e-08
e 19 27 86.4 61440 8.13469422035425e-08 5e-08
e 19 28 88.1 61440 1.3085791730618e-07 5e-08
e 19 30 87.5 61440 8.94845151549459e-08 5e-08
e 19 31 88.4 61440 1.21104119602741e-07 5e-08
e 19 32 88.6 61440 2.50347183500462e-07 5e-08
e 19 51 89.9 61440 3.6839841857572e-07 5e-08
e 19 77 89.8 61440 4.727148652797e-07 5e-08
e 19 81 88.2 61440 9.73518586506474e-08 5e-08
e 19 82 89.3 61440 1.81752262522265e-07 5e-08
e 20 2 86.9 61440 8.09819540223261e-08 5e-08
e 20 4 85.5 61440 6.3078016079546e-08 5e-08
e 20 7 88.9 61440 2.21284866708682e-07 5e-08
e 20 18 87.9 61440 9.26729736946978e-08 5e-08
e 20 19 86.2 61440 5.67194875892221e-08 5e-08
e 20 26 85 61440 1.20101587582708e-07 5e-08
e 20 27 84.9 61440 7.02123148495812e-08 5e-08
e 20 28 87.8 61440 8.95503853547783e-08 5e-08
e 20 29 89.9 61440 1.79075268623422e-07 5e-08
e 20 30 85.5 61440 6.66547872699661e-08 5e-08
e 20 31 87.4 61440 9.90542218482979e-08 5e-08
e 20 32 87 61440 1.87194928600807e-07 5e-08
e 20 41 89.6 61440 3.66381958416345e-07 5e-08
e 20 42 88.2 61440 2.49576911351137e-07 5e-08
e 20 43 89.4 61440 2.54834219693119e-07 5e-08
e 20 81 87.6 61440 1.14545404153939e-07 5e-08
e 20 82 87.8 61440 2.33086756773941e-07 5e-08
e 21 8 89.4 61440 1.82404021605666e-07 5e-08
e 21 11 86.3 61440 5.71917118657648e-08 5e-08
e 21 12 87.6 61440 1.58673521399241e-07 5e-08
e 21 22 87.2 61440 7.47246921570555e-08 5e-08
e 21 23 88 61440 1.21180637548634e-07 5e-08
e 21 43 89.8 61440 7.44912276079177e-07 5e-08
e 21 46 89 61440 9.55150617703301e-08 5e-08
e 21 47 86.6 61440 6.26822366432088e-08 5e-08
e 21 60 87.9 61440 8.18456391580929e-08 5e-08
e 21 61 88.4 61440 7.32806270796454e-08 5e-08
e 21 62 89.6 61440 1.11441381163113e-07 5e-08
e 22 3 86.5 61440 3.16601189250072e-07 5e-08
e 22 11 85.1 61440 6.42043892123578e-08 5e-08
e 22 21 87.2 61440 7.47246921570555e-08 5e-08
e 22 23 86.2 61440 6.60107949879578e-08 5e-08
e 22 24 85.9 61440 1.11058170700507e-07 5e-08
e 22 25 89.3 61440 9.86263540117822e-07 5e-08
e 22 47 89.8 61440 1.1043866189189e-07 5e-08
e 22 60 86.2 61440 6.97588315190009e-08 5e-08
e 22 61 87.2 61440 1.042216649903e-07 5e-08
e 22 62 86.9 61440 2.37245047435468e-07 5e-08
e 22 69 89.8 61440 1.1921894797334e-06 5e-08
e 23 3 86 61440 1.1345550486518e-07 5e-08
e 23 11 87.4 61440 1.10086722348436e-07 5e-08
e 23 21 88 61440 1.21180637548634e-07 5e-08
e 23 22 86.2 61440 6.60107949879578e-08 5e-08
e 23 24 85.5 61440 6.45365368522128e-08 5e-08
e 23 25 87.6 61440 3.55570754182562e-07 5e-08
e 23 56 87.8 61440 8.43878997651329e-07 5e-08
e 23 60 88.7 61440 1.15500357237734e-07 5e-08
e 23 61 89.6 61440 2.66866290380436e-07 5e-08
e 24 3 86.2 61440 6.72520330757316e-08 5e-08
e 24 11 89.3 61440 2.81917881285842e-07 5e-08
e 24 22 85.9 61440 1.11058170700507e-07 5e-08
e 24 23 85.5 61440 6.45365368522128e-08 5e-08
e 24 25 86.6 61440 1.23460866474132e-07 5e-08
e 24 47 88.2 61440 4.76003348702631e-07 5e-08
e 24 55 89.7 61440 1.16368645585406e-06 5e-08
e 24 60 89.8 61440 3.01239961668825e-07 5e-08
e 25 3 87.6 61440 6.9522337242342e-08 5e-08
e 25 22 89.3 61440 9.86263540117822e-07 5e-08
e 25 23 87.6 61440 3.55570754182562e-07 5e-08
e 25 24 86.6 61440 1.23460866474132e-07 5e-08
e 26 4 87.1 61440 1.24522231146615e-07 5e-08
e 26 9 86.8 61440 9.6452333372811e-08 5e-08
e 26 16 86.3 61440 8.67352789373384e-08 5e-08
e 26 18 88.6 61440 2.57628214670275e-07 5e-08
e 26 19 86.3 61440 1.36742025298335e-07 5e-08
e 26 20 85 61440 1.20101587582708e-07 5e-08
e 26 27 85.5 61440 6.52605986765068e-08 5e-08
e 26 28 87.7 61440 1.68616002920803e-07 5e-08
e 26 30 88.9 61440 2.52949140583913e-07 5e-08
e 26 43 89.8 61440 2.72738380210408e-07 5e-08
e 26 44 88.7 61440 1.97834204202135e-07 5e-08
e 26 48 88.9 61440 2.55366365138539e-07 5e-08
e 26 49 87.7 61440 1.71822909842244e-07 5e-08
e 26 50 85.3 61440 6.6675508689582e-08 5e-08
e 26 51 87.7 61440 8.55146622535137e-08 5e-08
e 26 52 89.4 61440 1.30447483633729e-07 5e-08
e 26 70 90 61440 1.86334369300816e-07 5e-08
e 26 71 88.8 61440 1.08369246443322e-07 5e-08
e 26 72 86.9 61440 8.77213520780345e-08 5e-08
e 26 73 87.1 61440 1.07069660058822e-07 5e-08
e 26 75 89.6 61440 3.45813911123537e-07 5e-08
e 27 2 88.2 61440 1.50642033789412e-07 5e-08
e 27 4 86.7 61440 7.61390388057863e-08 5e-08
e 27 7 89.4 61440 2.37020011547019e-07 5e-08
e 27 16 87.7 61440 1.3543299923731e-07 5e-08
e 27 18 87.6 61440 1.24725324619316e-07 5e-08
e 27 19 86.4 61440 8.13469422035425e-08 5e-08
e 27 20 84.9 61440 7.02123148495812e-08 5e-08
e 27 26 85.5 61440 6.52605986765068e-08 5e-08
e 27 28 88.1 61440 9.78159916919858e-08 5e-08
e 27 29 89.2 61440 1.84092150075138e-07 5e-08
e 27 30 89.3 61440 1.04930833588943e-07 5e-08
e 27 31 88.2 61440 2.38088726813307e-07 5e-08
e 27 43 88.8 61440 1.8977407245183e-07 5e-08
e 27 50 86.5 61440 1.13769666148103e-07 5e-08
e 27 51 87.7 61440 1.38697467083406e-07 5e-08
e 27 71 87.8 61440 1.83994958395813e-07 5e-08
e 27 72 87.7 61440 1.29555313454436e-07 5e-08
e 27 73 88 61440 2.26450526538589e-07 5e-08
e 28 2 89.1 61440 2.62311695322434e-07 5e-08
e 28 4 85.2 61440 5.71443416521634e-08 5e-08
e 28 7 86.5 61440 6.97905523473562e-08 5e-08
e 28 8 89.3 61440 1.74488539147044e-07 5e-08
e 28 15 89.8 61440 3.63739873077726e-07 5e-08
e 28 19 88.1 61440 1.3085791730618e-07 5e-08
e 28 20 87.8 61440 8.95503853547783e-08 5e-08
e 28 26 87.7 61440 1.68616002920803e-07 5e-08
e 28 27 88.1 61440 9.78159916919858e-08 5e-08
e 28 29 89.8 61440 6.36438015795681e-08 5e-08
e 28 30 85.3 61440 6.78717719657113e-08 5e-08
e 28 31 88.2 61440 1.03201180365451e-07 5e-08
e 28 32 87.6 61440 2.05508482664629e-07 5e-08
e 28 40 88.2 61440 2.0887314181265e-07 5e-08
e 28 41 87.8 61440 1.14401252637793e-07 5e-08
e 28 42 85.9 61440 8.02585676931895e-08 5e-08
e 28 43 87.7 61440 7.74814557346898e-08 5e-08
e 28 44 88.7 61440 1.03431702796249e-07 5e-08
e 28 45 89.5 61440 1.247121412275e-07 5e-08
e 28 47 89.7 61440 9.74114043737674e-07 5e-08
e 28 55 89 61440 1.16919657222557e-07 5e-08
e 28 56 88.9 61440 1.74674250965662e-07 5e-08
e 28 69 89.3 61440 2.04823725373235e-07 5e-08
e 28 70 89.4 61440 1.82298423444588e-07 5e-08
e 28 71 88.1 61440 2.93095438131902e-07 5e-08
e 28 72 89.1 61440 2.61558092718025e-07 5e-08
e 28 81 89.9 61440 3.99396958076614e-07 5e-08
e 29 4 89.7 61440 9.05334020220611e-08 5e-08
e 29 7 87.9 61440 5.0785075208006e-08 5e-08
e 29 8 88.9 61440 8.94924416864539e-08 5e-08
e 29 10 87.8 61440 1.72658518892144e-07 5e-08
e 29 15 88.7 61440 2.02192340086029e-07 5e-08
e 29 20 89.9 61440 1.79075268623422e-07 5e-08
e 29 27 89.2 61440 1.84092150075138e-07 5e-08
e 29 28 89.8 61440 6.36438015795681e-08 5e-08
e 29 31 88.7 61440 1.58911498818595e-07 5e-08
e 29 40 88.7 61440 1.63797553885643e-07 5e-08
e 29 41 88.4 61440 9.64344229245077e-08 5e-08
e 29 42 86.5 61440 6.16158762314817e-08 5e-08
e 29 43 87 61440 5.71447170443245e-08 5e-08
e 29 44 88.6 61440 8.25890592619301e-08 5e-08
e 29 45 87.6 61440 7.97930637302576e-08 5e-08
e 29 54 87.9 61440 6.70263227083385e-08 5e-08
e 29 55 88 61440 7.39554616328323e-08 5e-08
e 29 56 88.4 61440 1.0571248885712e-07 5e-08
e 29 69 88.1 61440 1.12911730680147e-07 5e-08
e 29 70 89.2 61440 1.31819410348199e-07 5e-08
e 30 2 88.7 61440 1.08004466044991e-07 5e-08
e 30 4 85.1 61440 5.78645856774399e-08 5e-08
e 30 17 88.4 61440 2.55150621645599e-07 5e-08
e 30 18 89.5 61440 1.7869024831394e-07 5e-08
e 30 19 87.5 61440 8.94845151549459e-08 5e-08
e 30 20 85.5 61440 6.66547872699661e-08 5e-08
e 30 26 88.9 61440 2.52949140583913e-07 5e-08
e 30 27 89.3 61440 1.04930833588943e-07 5e-08
e 30 28 85.3 61440 6.78717719657113e-08 5e-08
e 30 31 86.2 61440 6.3738935937766e-08 5e-08
e 30 32 88.3 61440 1.00283603866136e-07 5e-08
e 30 33 87.7 61440 2.20028985015548e-07 5e-08
e 30 40 88.7 61440 1.8289023249934e-07 5e-08
e 30 41 88 61440 1.21777200794915e-07 5e-08
e 30 42 88.9 61440 1.07393603526518e-07 5e-08
e 30 81 87.9 61440 1.250624593956e-07 5e-08
e 30 82 87.9 61440 2.16415120289529e-07 5e-08
e 31 2 88.4 61440 1.14590268353782e-07 5e-08
e 31 4 88.3 61440 9.21859956851639e-08 5e-08
e 31 5 88.4 61440 1.63417438671149e-07 5e-08
e 31 7 89.4 61440 1.69650690886083e-07 5e-08
e 31 17 86.9 61440 1.08527750451418e-07 5e-08
e 31 18 89.5 61440 2.67440826115256e-07 5e-08
e 31 19 88.4 61440 1.21104119602741e-07 5e-08
e 31 20 87.4 61440 9.90542218482979e-08 5e-08
e 31 27 88.2 61440 2.38088726813307e-07 5e-08
e 31 28 88.2 61440 1.03201180365451e-07 5e-08
e 31 29 88.7 61440 1.58911498818595e-07 5e-08
e 31 30 86.2 61440 6.3738935937766e-08 5e-08
e 31 32 85.3 61440 6.14548550012502e-08 5e-08
e 31 33 87.6 61440 1.00451566152843e-07 5e-08
e 31 34 88.9 61440 1.42648102129757e-07 5e-08
e 31 35 87.3 61440 1.91518078428255e-07 5e-08
e 31 37 88.6 61440 1.72670886227667e-07 5e-08
e 31 39 87.8 61440 1.59394802938441e-07 5e-08
e 31 40 89.3 61440 1.16172228187481e-07 5e-08
e 31 41 87.9 61440 1.08164487755571e-07 5e-08
e 31 42 89.6 61440 1.19353010326281e-07 5e-08
e 31 77 88.3 61440 1.2453536929753e-07 5e-08
e 31 81 86.9 61440 1.07350247148068e-07 5e-08
e 31 82 88.2 61440 1.21557092527048e-07 5e-08
e 32 2 88.3 61440 1.66882639369813e-07 5e-08
e 32 4 87.3 61440 1.73614188863384e-07 5e-08
e 32 5 88.9 61440 1.05345148224493e-07 5e-08
e 32 6 88.9 61440 1.56682512002277e-07 5e-08
e 32 17 84.7 61440 7.13391627907626e-08 5e-08
e 32 19 88.6 61440 2.50347183500462e-07 5e-08
e 32 20 87 61440 1.87194928600807e-07 5e-08
e 32 28 87.6 61440 2.05508482664629e-07 5e-08
e 32 30 88.3 61440 1.00283603866136e-07 5e-08
e 32 31 85.3 61440 6.14548550012502e-08 5e-08
e 32 33 85.8 61440 6.60313354982855e-08 5e-08
e 32 34 88.8 61440 1.00056876594592e-07 5e-08
e 32 35 87.7 61440 9.66489645209098e-08 5e-08
e 32 36 89.2 61440 2.10636658194058e-07 5e-08
e 32 37 89.2 61440 1.16231893018915e-07 5e-08
e 32 39 88.8 61440 1.14221643022424e-07 5e-08
e 32 77 87 61440 8.69688423561956e-08 5e-08
e 32 81 88.4 61440 1.15394384406002e-07 5e-08
e 32 82 88.7 61440 1.07803798175597e-07 5e-08
e 33 5 88.3 61440 1.21567353779349e-07 5e-08
e 33 6 87 61440 8.59584509880596e-08 5e-08
e 33 10 88.5 61440 1.75450479205734e-07 5e-08
e 33 17 85.2 61440 7.27332534435887e-08 5e-08
e 33 30 87.7 61440 2.20028985015548e-07 5e-08
e 33 31 87.6 61440 1.00451566152843e-07 5e-08
e 33 32 85.8 61440 6.60313354982855e-08 5e-08
e 33 34 88.6 61440 6.67031838725107e-08 5e-08
e 33 35 84.9 61440 6.62677787309306e-08 5e-08
e 33 36 89 61440 2.06968687008092e-07 5e-08
e 33 37 88.9 61440 1.67671596030562e-07 5e-08
e 33 38 89.2 61440 1.19088475118862e-07 5e-08
e 33 39 88.6 61440 8.16062114582373e-08 5e-08
e 33 58 88.9 61440 1.32081499938056e-07 5e-08
e 33 59 89.8 61440 1.84053890002657e-07 5e-08
e 33 77 87.4 61440 9.68106013354976e-08 5e-08
e 33 82 89.4 61440 1.90147116495794e-07 5e-08
e 34 6 88.7 61440 5.70695283310429e-08 5e-08
e 34 10 88.7 61440 9.30022892893932e-08 5e-08
e 34 31 88.9 61440 1.42648102129757e-07 5e-08
e 34 32 88.8 61440 1.00056876594592e-07 5e-08
e 34 33 88.6 61440 6.67031838725107e-08 5e-08
e 34 39 88.9 61440 5.31027458899624e-08 5e-08
e 34 40 88.4 61440 6.69679429495989e-08 5e-08
e 34 41 89.8 61440 9.76067991706539e-08 5e-08
e 34 55 90 61440 2.98698240023994e-07 5e-08
e 34 56 88.4 61440 1.24935278653637e-07 5e-08
e 34 57 88.7 61440 7.49653662741743e-08 5e-08
e 34 58 88.6 61440 7.44458127455973e-08 5e-08
e 34 59 88.2 61440 9.64142194123157e-08 5e-08
e 35 5 87.3 61440 9.85075280523736e-08 5e-08
e 35 17 84.9 61440 6.61408972134156e-08 5e-08
e 35 31 87.3 61440 1.91518078428255e-07 5e-08
e 35 32 87.7 61440 9.66489645209098e-08 5e-08
e 35 33 84.9 61440 6.62677787309306e-08 5e-08
e 35 36 88.8 61440 1.08179788829811e-07 5e-08
e 35 37 88.8 61440 1.23866850287534e-07 5e-08
e 35 38 89.7 61440 1.17613640632764e-07 5e-08
e 35 77 84.6 61440 8.10742541306541e-08 5e-08
e 35 78 89.1 61440 1.95260796544039e-07 5e-08
e 35 82 88.9 61440 1.80149069524504e-07 5e-08
e 36 5 84.7 61440 6.30692405930815e-08 5e-08
e 36 17 86.4 61440 8.70404355637956e-08 5e-08
e 36 32 89.2 61440 2.10636658194058e-07 5e-08
e 36 33 89 61440 2.06968687008092e-07 5e-08
e 36 35 88.8 61440 1.08179788829811e-07 5e-08
e 36 37 85.6 61440 6.96910801663031e-08 5e-08
e 36 77 84.3 61440 7.03187911973104e-08 5e-08
e 36 78 86.4 61440 6.71587950202856e-08 5e-08
e 36 81 87.9 61440 1.90277497496533e-07 5e-08
e 36 82 87.2 61440 9.86057047587006e-08 5e-08
e 37 2 88.8 61440 1.36529724955453e-07 5e-08
e 37 5 86.6 61440 5.27996690771853e-08 5e-08
e 37 17 87.3 61440 7.57590025261496e-08 5e-08
e 37 31 88.6 61440 1.72670886227667e-07 5e-08
e 37 32 89.2 61440 1.16231893018915e-07 5e-08
e 37 33 88.9 61440 1.67671596030562e-07 5e-08
e 37 35 88.8 61440 1.23866850287534e-07 5e-08
e 37 36 85.6 61440 6.96910801663031e-08 5e-08
e 37 77 86.4 61440 5.94598372474296e-08 5e-08
e 37 78 85.9 61440 5.571200966624e-08 5e-08
e 37 81 88 61440 8.31179922484589e-08 5e-08
e 37 82 85.7 61440 5.64232823285677e-08 5e-08
e 38 6 88.5 61440 6.50489798553883e-08 5e-08
e 38 10 88.7 61440 2.46669439682047e-07 5e-08
e 38 33 89.2 61440 1.19088475118862e-07 5e-08
e 38 35 89.7 61440 1.17613640632764e-07 5e-08
e 38 39 88.6 61440 1.00274352240394e-07 5e-08
e 38 40 88.5 61440 1.77735176048072e-07 5e-08
e 38 57 87.9 61440 1.18299349194908e-07 5e-08
e 38 58 87.9 61440 7.99512553852299e-08 5e-08
e 38 59 88.6 61440 6.10596506329161e-08 5e-08
e 39 6 88.3 61440 6.03118264918291e-08 5e-08
e 39 10 88.3 61440 7.32929569444724e-08 5e-08
e 39 31 87.8 61440 1.59394802938441e-07 5e-08
e 39 32 88.8 61440 1.14221643022424e-07 5e-08
e 39 33 88.6 61440 8.16062114582373e-08 5e-08
e 39 34 88.9 61440 5.31027458899624e-08 5e-08
e 39 38 88.6 61440 1.00274352240394e-07 5e-08
e 39 40 86 61440 5.82124078661143e-08 5e-08
e 39 41 87.7 61440 8.2962425971033e-08 5e-08
e 39 42 88.3 61440 1.42775521187651e-07 5e-08
e 39 55 88.8 61440 1.96482138043181e-07 5e-08
e 39 56 88.4 61440 9.98047513801918e-08 5e-08
e 39 57 88.2 61440 6.12212471145198e-08 5e-08
e 39 58 88.4 61440 6.71927766540466e-08 5e-08
e 39 59 88.6 61440 9.58945868133616e-08 5e-08
e 40 6 88.3 61440 8.69291046533665e-08 5e-08
e 40 7 88.7 61440 1.41438622479134e-07 5e-08
e 40 10 88.3 61440 6.14601330366616e-08 5e-08
e 40 17 89.6 61440 2.4683703207638e-07 5e-08
e 40 28 88.2 61440 2.0887314181265e-07 5e-08
e 40 29 88.7 61440 1.63797553885643e-07 5e-08
e 40 30 88.7 61440 1.8289023249934e-07 5e-08
e 40 31 89.3 61440 1.16172228187481e-07 5e-08
e 40 34 88.4 61440 6.69679429495989e-08 5e-08
e 40 38 88.5 61440 1.77735176048072e-07 5e-08
e 40 39 86 61440 5.82124078661143e-08 5e-08
e 40 41 88.2 61440 5.82716278072244e-08 5e-08
e 40 42 88.5 61440 9.00145515010875e-08 5e-08
e 40 43 89.9 61440 3.36605297737254e-07 5e-08
e 40 45 89.5 61440 5.00229279854013e-07 5e-08
e 40 54 89.2 61440 2.21077592153637e-07 5e-08
e 40 55 88.2 61440 1.08576747289989e-07 5e-08
e 40 56 88.3 61440 7.24114666501406e-08 5e-08
e 40 57 88.3 61440 6.66170779860913e-08 5e-08
e 40 58 88.6 61440 9.05035396022771e-08 5e-08
e 40 59 88.6 61440 1.51685803935853e-07 5e-08
e 41 4 88.4 61440 1.65131485436524e-07 5e-08
e 41 6 88.2 61440 1.33500993292179e-07 5e-08
e 41 7 88.3 61440 8.94688714392728e-08 5e-08
e 41 10 88.6 61440 6.56036416994687e-08 5e-08
e 41 20 89.6 61440 3.66381958416345e-07 5e-08
e 41 28 87.8 61440 1.14401252637793e-07 5e-08
e 41 29 88.4 61440 9.64344229245077e-08 5e-08
e 41 30 88 61440 1.21777200794915e-07 5e-08
e 41 31 87.9 61440 1.08164487755571e-07 5e-08
e 41 34 89.8 61440 9.76067991706539e-08 5e-08
e 41 39 87.7 61440 8.2962425971033e-08 5e-08
e 41 40 88.2 61440 5.82716278072244e-08 5e-08
e 41 42 87.8 61440 6.19022409465232e-08 5e-08
e 41 43 88.9 61440 1.47639543877177e-07 5e-08
e 41 44 89.7 61440 3.59346283617971e-07 5e-08
e 41 45 89.1 61440 2.31177685997651e-07 5e-08
e 41 54 88.3 61440 1.14168130805141e-07 5e-08
e 41 55 88.3 61440 7.68552454467625e-08 5e-08
e 41 56 88.3 61440 6.09403938222156e-08 5e-08
e 41 57 88.6 61440 8.80472653479867e-08 5e-08
e 41 58 88.4 61440 1.33041410956899e-07 5e-08
e 41 59 89.4 61440 3.31556841527785e-07 5e-08
e 42 4 88 61440 1.10612219656917e-07 5e-08
e 42 6 89.9 61440 3.575764511644e-07 5e-08
e 42 7 88.2 61440 5.80232190333499e-08 5e-08
e 42 10 88.7 61440 9.28425245267488e-08 5e-08
e 42 15 89.9 61440 4.53670385503106e-07 5e-08
e 42 20 88.2 61440 2.49576911351137e-07 5e-08
e 42 28 85.9 61440 8.02585676931895e-08 5e-08
e 42 29 86.5 61440 6.16158762314817e-08 5e-08
e 42 30 88.9 61440 1.07393603526518e-07 5e-08
e 42 31 89.6 61440 1.19353010326281e-07 5e-08
e 42 39 88.3 61440 1.42775521187651e-07 5e-08
e 42 40 88.5 61440 9.00145515010875e-08 5e-08
e 42 41 87.8 61440 6.19022409465232e-08 5e-08
e 42 43 88.5 61440 8.43347610208876e-08 5e-08
e 42 44 88.6 61440 1.3416900072697e-07 5e-08
e 42 45 87.7 61440 1.08696737273038e-07 5e-08
e 42 54 87.3 61440 7.57976267326184e-08 5e-08
e 42 55 88.3 61440 6.10657149560071e-08 5e-08
e 42 56 87.3 61440 6.94459142015809e-08 5e-08
e 42 57 88.7 61440 1.4620906360356e-07 5e-08
e 42 58 90 61440 3.40457761252083e-07 5e-08
e 42 69 88.8 61440 2.14842123210035e-07 5e-08
e 43 4 89.9 61440 1.0932933908223e-07 5e-08
e 43 7 87.9 61440 5.91709745675167e-08 5e-08
e 43 8 88.4 61440 7.71829757726326e-08 5e-08
e 43 15 87.9 61440 1.10045025153738e-07 5e-08
e 43 16 87.9 61440 2.12326591646808e-07 5e-08
e 43 20 89.4 61440 2.54834219693119e-07 5e-08
e 43 21 89.8 61440 7.44912276079177e-07 5e-08
e 43 26 89.8 61440 2.72738380210408e-07 5e-08
e 43 27 88.8 61440 1.8977407245183e-07 5e-08
e 43 28 87.7 61440 7.74814557346898e-08 5e-08
e 43 29 87 61440 5.71447170443245e-08 5e-08
e 43 40 89.9 61440 3.36605297737254e-07 5e-08
e 43 41 88.9 61440 1.47639543877177e-07 5e-08
e 43 42 88.5 61440 8.43347610208876e-08 5e-08
e 43 44 88 61440 5.96777774790183e-08 5e-08
e 43 45 88.1 61440 6.19386128864143e-08 5e-08
e 43 46 89.6 61440 1.2202225663563e-07 5e-08
e 43 47 88.9 61440 2.89913957850153e-07 5e-08
e 43 54 88.3 61440 6.4688496876088e-08 5e-08
e 43 55 88.1 61440 8.83136565320242e-08 5e-08
e 43 56 88.9 61440 1.50570487063153e-07 5e-08
e 43 68 88.2 61440 1.77922342847769e-07 5e-08
e 43 69 88.2 61440 7.89070967712356e-08 5e-08
e 43 70 88.7 61440 9.00668631611826e-08 5e-08
e 43 71 86.1 61440 1.60216725558576e-07 5e-08
e 43 72 87.1 61440 1.76328903018819e-07 5e-08
e 43 74 88.6 61440 1.54882709055803e-07 5e-08
e 43 75 89.9 61440 3.5025927347639e-07 5e-08
e 44 4 89.5 61440 1.45675088730785e-07 5e-08
e 44 7 88.4 61440 8.76774245158444e-08 5e-08
e 44 8 88.8 61440 9.13038402583808e-08 5e-08
e 44 14 89.5 61440 3.33902233872355e-07 5e-08
e 44 15 87.2 61440 7.66402698172196e-08 5e-08
e 44 16 88.9 61440 1.14392527374874e-07 5e-08
e 44 26 88.7 61440 1.97834204202135e-07 5e-08
e 44 28 88.7 61440 1.03431702796249e-07 5e-08
e 44 29 88.6 61440 8.25890592619301e-08 5e-08
e 44 41 89.7 61440 3.59346283617971e-07 5e-08
e 44 42 88.6 61440 1.3416900072697e-07 5e-08
e 44 43 88 61440 5.96777774790183e-08 5e-08
e 44 45 87.3 61440 6.53721439547334e-08 5e-08
e 44 46 89.5 61440 1.45262425233761e-07 5e-08
e 44 50 89.3 61440 3.33758711841695e-07 5e-08
e 44 54 88.6 61440 8.70447775097281e-08 5e-08
e 44 55 88.6 61440 1.35356422151085e-07 5e-08
e 44 56 89.7 61440 3.5264479528928e-07 5e-08
e 44 67 88.6 61440 2.00514330233707e-07 5e-08
e 44 68 88.2 61440 1.00694109489354e-07 5e-08
e 44 69 88.4 61440 6.27367685010028e-08 5e-08
e 44 70 87 61440 6.03617813003199e-08 5e-08
e 44 71 87 61440 9.56851347370194e-08 5e-08
e 44 72 87.8 61440 1.04277392312171e-07 5e-08
e 44 73 86.8 61440 1.5336039222913e-07 5e-08
e 44 74 88.7 61440 9.05352969498223e-08 5e-08
e 44 75 88.4 61440 1.43828107966474e-07 5e-08
e 45 4 89.9 61440 2.51148697948996e-07 5e-08
e 45 7 88.4 61440 7.79351406256077e-08 5e-08
e 45 8 87.6 61440 5.64039303216574e-08 5e-08
e 45 10 89.9 61440 3.72572236839401e-07 5e-08
e 45 15 88 61440 8.50856085265463e-08 5e-08
e 45 28 89.5 61440 1.247121412275e-07 5e-08
e 45 29 87.6 61440 7.97930637302576e-08 5e-08
e 45 40 89.5 61440 5.00229279854013e-07 5e-08
e 45 41 89.1 61440 2.31177685997651e-07 5e-08
e 45 42 87.7 61440 1.08696737273038e-07 5e-08
e 45 43 88.1 61440 6.19386128864143e-08 5e-08
e 45 44 87.3 61440 6.53721439547334e-08 5e-08
e 45 46 87 61440 7.92556629131985e-08 5e-08
e 45 47 89.5 61440 1.21751800110293e-07 5e-08
e 45 54 88.1 61440 5.92534509641365e-08 5e-08
e 45 55 88.4 61440 8.98789717591572e-08 5e-08
e 45 56 89 61440 1.71672137378009e-07 5e-08
e 45 68 88.5 61440 1.19696770641783e-07 5e-08
e 45 69 87.8 61440 5.99390443215989e-08 5e-08
e 45 70 88.3 61440 8.91386218421511e-08 5e-08
e 45 71 87.6 61440 2.00855822565407e-07 5e-08
e 45 72 88.9 61440 2.5321973980666e-07 5e-08
e 45 74 88.4 61440 1.37665160410265e-07 5e-08
e 45 75 89.6 61440 2.98894887834375e-07 5e-08
e 46 4 89.9 61440 8.63101742461841e-07 5e-08
e 46 8 87.4 61440 6.08895096413767e-08 5e-08
e 46 11 89 61440 1.52710634419326e-07 5e-08
e 46 12 90 61440 5.78031835283815e-07 5e-08
e 46 15 89.2 61440 1.37158928018938e-07 5e-08
e 46 21 89 61440 9.55150617703301e-08 5e-08
e 46 43 89.6 61440 1.2202225663563e-07 5e-08
e 46 44 89.5 61440 1.45262425233761e-07 5e-08
e 46 45 87 61440 7.92556629131985e-08 5e-08
e 46 47 87 61440 6.01460553181695e-08 5e-08
e 46 61 89.2 61440 2.13810793536243e-07 5e-08
e 46 62 89.9 61440 3.39664529368099e-07 5e-08
e 46 69 89.1 61440 9.83723287558213e-08 5e-08
e 47 8 89 61440 9.20542145178248e-08 5e-08
e 47 11 87.7 61440 8.89712141728363e-08 5e-08
e 47 21 86.6 61440 6.26822366432088e-08 5e-08
e 47 22 89.8 61440 1.1043866189189e-07 5e-08
e 47 24 88.2 61440 4.76003348702631e-07 5e-08
e 47 28 89.7 61440 9.74114043737674e-07 5e-08
e 47 43 88.9 61440 2.89913957850153e-07 5e-08
e 47 45 89.5 61440 1.21751800110293e-07 5e-08
e 47 46 87 61440 6.01460553181695e-08 5e-08
e 47 60 88.5 61440 1.43307225693475e-07 5e-08
e 47 61 89.4 61440 1.0895350600497e-07 5e-08
e 47 62 89.6 61440 1.71214617314705e-07 5e-08
e 48 9 86.6 61440 6.93227413562749e-08 5e-08
e 48 16 87.9 61440 1.41434266071418e-07 5e-08
e 48 26 88.9 61440 2.55366365138539e-07 5e-08
e 48 49 86.8 61440 5.18836896322408e-08 5e-08
e 48 50 88.1 61440 1.00823610500795e-07 5e-08
e 48 51 86.9 61440 1.15605857177551e-07 5e-08
e 48 52 89 61440 1.72913790645177e-07 5e-08
e 48 71 87.2 61440 2.09714123792364e-07 5e-08
e 48 72 87.7 61440 1.70445084221305e-07 5e-08
e 48 73 88.9 61440 1.11125829980886e-07 5e-08
e 48 74 89.8 61440 4.01888190699247e-07 5e-08
e 48 75 89.8 61440 2.77622297981493e-07 5e-08
e 48 76 89.7 61440 2.26743750146366e-07 5e-08
e 49 9 86.2 61440 5.91409993459079e-08 5e-08
e 49 16 88.3 61440 1.14870189458918e-07 5e-08
e 49 26 87.7 61440 1.71822909842244e-07 5e-08
e 49 48 86.8 61440 5.18836896322408e-08 5e-08
e 49 50 87.9 61440 8.31388968661072e-08 5e-08
e 49 51 87.3 61440 9.81924787819861e-08 5e-08
e 49 52 88.6 61440 1.35398473073384e-07 5e-08
e 49 70 89.2 61440 5.24434588101131e-07 5e-08
e 49 71 86.8 61440 1.5836476070025e-07 5e-08
e 49 72 88.5 61440 1.25886968787118e-07 5e-08
e 49 73 88.5 61440 9.74199821336063e-08 5e-08
e 49 75 89.1 61440 2.42443060062715e-07 5e-08
e 49 76 88.5 61440 2.18615658950984e-07 5e-08
e 50 9 85.7 61440 5.74713420064727e-08 5e-08
e 50 16 87.8 61440 7.5699109955785e-08 5e-08
e 50 26 85.3 61440 6.6675508689582e-08 5e-08
e 50 27 86.5 61440 1.13769666148103e-07 5e-08
e 50 44 89.3 61440 3.33758711841695e-07 5e-08
e 50 48 88.1 61440 1.00823610500795e-07 5e-08
e 50 49 87.9 61440 8.31388968661072e-08 5e-08
e 50 51 85.8 61440 6.6624297146978e-08 5e-08
e 50 52 89.2 61440 1.04980835147827e-07 5e-08
e 50 70 89 61440 2.28838400929948e-07 5e-08
e 50 71 89.6 61440 9.9633330535999e-08 5e-08
e 50 72 87.6 61440 8.09131760437663e-08 5e-08
e 50 73 86.4 61440 8.04043767162932e-08 5e-08
e 50 74 89.2 61440 2.0302037612401e-07 5e-08
e 50 75 88.6 61440 2.27658480926156e-07 5e-08
e 50 76 89.3 61440 3.13675514987521e-07 5e-08
e 51 9 86.3 61440 7.35160026392036e-08 5e-08
e 51 16 89.1 61440 1.40771802168385e-07 5e-08
e 51 18 89.4 61440 4.18276008843168e-07 5e-08
e 51 19 89.9 61440 3.6839841857572e-07 5e-08
e 51 26 87.7 61440 8.55146622535137e-08 5e-08
e 51 27 87.7 61440 1.38697467083406e-07 5e-08
e 51 48 86.9 61440 1.15605857177551e-07 5e-08
e 51 49 87.3 61440 9.81924787819861e-08 5e-08
e 51 50 85.8 61440 6.6624297146978e-08 5e-08
e 51 52 86.3 61440 6.12135652648051e-08 5e-08
e 51 72 89 61440 1.60872104318454e-07 5e-08
e 51 73 88 61440 1.55563152665165e-07 5e-08
e 52 9 89 61440 1.09396734700642e-07 5e-08
e 52 26 89.4 61440 1.30447483633729e-07 5e-08
e 52 48 89 61440 1.72913790645177e-07 5e-08
e 52 49 88.6 61440 1.35398473073384e-07 5e-08
e 52 50 89.2 61440 1.04980835147827e-07 5e-08
e 52 51 86.3 61440 6.12135652648051e-08 5e-08
e 53 14 88.5 61440 5.04931486096641e-08 5e-08
e 53 15 88.5 61440 1.17617756384581e-07 5e-08
e 53 66 87.6 61440 6.85217122739624e-08 5e-08
e 53 67 88.2 61440 5.51704606323321e-08 5e-08
e 53 68 88.4 61440 8.36074415195082e-08 5e-08
e 53 69 89.5 61440 2.39885675578268e-07 5e-08
e 53 70 88.8 61440 1.55679831168557e-07 5e-08
e 53 71 89.8 61440 1.42795761211024e-07 5e-08
e 53 72 89.6 61440 2.13199109136553e-07 5e-08
e 53 74 88.2 61440 9.40847285456215e-08 5e-08
e 53 75 87.7 61440 6.96936800475748e-08 5e-08
e 53 76 88.6 61440 6.14439303596129e-08 5e-08
e 53 80 89 61440 1.37386702116665e-07 5e-08
e 54 4 89.6 61440 2.06910829351154e-07 5e-08
e 54 7 87.2 61440 6.22636668001941e-08 5e-08
e 54 8 89.6 61440 5.54332579627281e-08 5e-08
e 54 10 88.9 61440 1.56284191533973e-07 5e-08
e 54 15 88.2 61440 1.33980472823314e-07 5e-08
e 54 29 87.9 61440 6.70263227083385e-08 5e-08
e 54 40 89.2 61440 2.21077592153637e-07 5e-08
e 54 41 88.3 61440 1.14168130805141e-07 5e-08
e 54 42 87.3 61440 7.57976267326184e-08 5e-08
e 54 43 88.3 61440 6.4688496876088e-08 5e-08
e 54 44 88.6 61440 8.70447775097281e-08 5e-08
e 54 45 88.1 61440 5.92534509641365e-08 5e-08
e 54 55 87.9 61440 6.07127346426257e-08 5e-08
e 54 56 88.6 61440 9.61577630345506e-08 5e-08
e 54 57 89.9 61440 3.68892335655948e-07 5e-08
e 54 68 89.9 61440 2.68824430960512e-07 5e-08
e 54 69 88.7 61440 8.83708632318608e-08 5e-08
e 54 70 88.4 61440 1.34020876076849e-07 5e-08
e 54 74 89.9 61440 3.14075121573418e-07 5e-08
e 55 4 89.4 61440 2.21608616059092e-07 5e-08
e 55 7 88.2 61440 6.60680380046859e-08 5e-08
e 55 10 88.6 61440 8.88887359230413e-08 5e-08
e 55 24 89.7 61440 1.16368645585406e-06 5e-08
e 55 28 89 61440 1.16919657222557e-07 5e-08
e 55 29 88 61440 7.39554616328323e-08 5e-08
e 55 34 90 61440 2.98698240023994e-07 5e-08
e 55 39 88.8 61440 1.96482138043181e-07 5e-08
e 55 40 88.2 61440 1.08576747289989e-07 5e-08
e 55 41 88.3 61440 7.68552454467625e-08 5e-08
e 55 42 88.3 61440 6.10657149560071e-08 5e-08
e 55 43 88.1 61440 8.83136565320242e-08 5e-08
e 55 44 88.6 61440 1.35356422151085e-07 5e-08
e 55 45 88.4 61440 8.98789717591572e-08 5e-08
e 55 54 87.9 61440 6.07127346426257e-08 5e-08
e 55 56 87.9 61440 6.23979237162045e-08 5e-08
e 55 57 88.7 61440 1.44846266875446e-07 5e-08
e 55 58 89.8 61440 3.54267894634373e-07 5e-08
e 55 69 89 61440 1.54439897758282e-07 5e-08
e 55 70 89.4 61440 3.25020339838855e-07 5e-08
e 56 6 87.9 61440 1.80102459496592e-07 5e-08
e 56 7 89 61440 9.43940051507798e-08 5e-08
e 56 10 88.2 61440 5.73713057280989e-08 5e-08
e 56 23 87.8 61440 8.43878997651329e-07 5e-08
e 56 28 88.9 61440 1.74674250965662e-07 5e-08
e 56 29 88.4 61440 1.0571248885712e-07 5e-08
e 56 34 88.4 61440 1.24935278653637e-07 5e-08
e 56 39 88.4 61440 9.98047513801918e-08 5e-08
e 56 40 88.3 61440 7.24114666501406e-08 5e-08
e 56 41 88.3 61440 6.09403938222156e-08 5e-08
e 56 42 87.3 61440 6.94459142015809e-08 5e-08
e 56 43 88.9 61440 1.50570487063153e-07 5e-08
e 56 44 89.7 61440 3.5264479528928e-07 5e-08
e 56 45 89 61440 1.71672137378009e-07 5e-08
e 56 54 88.6 61440 9.61577630345506e-08 5e-08
e 56 55 87.9 61440 6.23979237162045e-08 5e-08
e 56 57 88.3 61440 8.27299241428469e-08 5e-08
e 56 58 88.5 61440 1.29669201705945e-07 5e-08
e 56 59 89.4 61440 3.38404123022876e-07 5e-08
e 56 69 90 61440 4.19930865995622e-07 5e-08
e 57 6 88.3 61440 7.471370845669e-08 5e-08
e 57 7 90 61440 3.17266405323899e-07 5e-08
e 57 10 88.1 61440 5.90360672690214e-08 5e-08
e 57 34 88.7 61440 7.49653662741743e-08 5e-08
e 57 38 87.9 61440 1.18299349194908e-07 5e-08
e 57 39 88.2 61440 6.12212471145198e-08 5e-08
e 57 40 88.3 61440 6.66170779860913e-08 5e-08
e 57 41 88.6 61440 8.80472653479867e-08 5e-08
e 57 42 88.7 61440 1.4620906360356e-07 5e-08
e 57 54 89.9 61440 3.68892335655948e-07 5e-08
e 57 55 88.7 61440 1.44846266875446e-07 5e-08
e 57 56 88.3 61440 8.27299241428469e-08 5e-08
e 57 58 88.2 61440 5.97825503185731e-08 5e-08
e 57 59 87.7 61440 9.20394330396037e-08 5e-08
e 58 6 88.5 61440 6.06097891217526e-08 5e-08
e 58 10 88.6 61440 8.7613048776924e-08 5e-08
e 58 33 88.9 61440 1.32081499938056e-07 5e-08
e 58 34 88.6 61440 7.44458127455973e-08 5e-08
e 58 38 87.9 61440 7.99512553852299e-08 5e-08
e 58 39 88.4 61440 6.71927766540466e-08 5e-08
e 58 40 88.6 61440 9.05035396022771e-08 5e-08
e 58 41 88.4 61440 1.33041410956899e-07 5e-08
e 58 42 90 61440 3.40457761252083e-07 5e-08
e 58 55 89.8 61440 3.54267894634373e-07 5e-08
e 58 56 88.5 61440 1.29669201705945e-07 5e-08
e 58 57 88.2 61440 5.97825503185731e-08 5e-08
e 58 59 87.4 61440 6.12664070585049e-08 5e-08
e 59 6 87.9 61440 6.77556498470954e-08 5e-08
e 59 10 87.9 61440 1.55414613841282e-07 5e-08
e 59 33 89.8 61440 1.84053890002657e-07 5e-08
e 59 34 88.2 61440 9.64142194123157e-08 5e-08
e 59 38 88.6 61440 6.10596506329161e-08 5e-08
e 59 39 88.6 61440 9.58945868133616e-08 5e-08
e 59 40 88.6 61440 1.51685803935853e-07 5e-08
e 59 41 89.4 61440 3.31556841527785e-07 5e-08
e 59 56 89.4 61440 3.38404123022876e-07 5e-08
e 59 57 87.7 61440 9.20394330396037e-08 5e-08
e 59 58 87.4 61440 6.12664070585049e-08 5e-08
e 60 11 86.4 61440 5.8772031157416e-08 5e-08
e 60 21 87.9 61440 8.18456391580929e-08 5e-08
e 60 22 86.2 61440 6.97588315190009e-08 5e-08
e 60 23 88.7 61440 1.15500357237734e-07 5e-08
e 60 24 89.8 61440 3.01239961668825e-07 5e-08
e 60 47 88.5 61440 1.43307225693475e-07 5e-08
e 60 61 85.7 61440 6.89954948020504e-08 5e-08
e 60 62 87.8 61440 1.08331744547149e-07 5e-08
e 61 1 88.9 61440 3.1103373925406e-07 5e-08
e 61 8 89.8 61440 5.11470948945615e-07 5e-08
e 61 11 87.3 61440 6.35146959421573e-08 5e-08
e 61 12 86.5 61440 7.43991299345185e-08 5e-08
e 61 21 88.4 61440 7.32806270796454e-08 5e-08
e 61 22 87.2 61440 1.042216649903e-07 5e-08
e 61 23 89.6 61440 2.66866290380436e-07 5e-08
e 61 46 89.2 61440 2.13810793536243e-07 5e-08
e 61 47 89.4 61440 1.0895350600497e-07 5e-08
e 61 60 85.7 61440 6.89954948020504e-08 5e-08
e 61 62 85.3 61440 6.29031578421674e-08 5e-08
e 61 63 87.3 61440 1.15774138208877e-07 5e-08
e 61 64 89.9 61440 3.34625207517108e-07 5e-08
e 61 68 89.5 61440 8.93051131421526e-07 5e-08
e 61 79 89.3 61440 2.77936588789333e-07 5e-08
e 62 1 86.1 61440 1.20046961589952e-07 5e-08
e 62 11 88.5 61440 1.02444151533553e-07 5e-08
e 62 12 85.7 61440 5.39219546284259e-08 5e-08
e 62 13 89.5 61440 1.22381792590597e-07 5e-08
e 62 21 89.6 61440 1.11441381163113e-07 5e-08
e 62 22 86.9 61440 2.37245047435468e-07 5e-08
e 62 46 89.9 61440 3.39664529368099e-07 5e-08
e 62 47 89.6 61440 1.71214617314705e-07 5e-08
e 62 60 87.8 61440 1.08331744547149e-07 5e-08
e 62 61 85.3 61440 6.29031578421674e-08 5e-08
e 62 63 86.6 61440 7.04168746703724e-08 5e-08
e 62 64 87.2 61440 1.23484444208917e-07 5e-08
e 62 79 87.1 61440 1.12652936362138e-07 5e-08
e 63 1 86.6 61440 6.62267699304469e-08 5e-08
e 63 12 86.5 61440 6.44838256876341e-08 5e-08
e 63 13 86.8 61440 6.85566820208892e-08 5e-08
e 63 61 87.3 61440 1.15774138208877e-07 5e-08
e 63 62 86.6 61440 7.04168746703724e-08 5e-08
e 63 64 86.1 61440 6.64359341816853e-08 5e-08
e 63 66 89.6 61440 2.05903212905809e-07 5e-08
e 63 79 85.8 61440 6.15398985253102e-08 5e-08
e 63 80 87.9 61440 8.30072660183831e-08 5e-08
e 64 1 86.7 61440 5.29223658069604e-08 5e-08
e 64 12 85.6 61440 1.08943353028475e-07 5e-08
e 64 13 86.7 61440 5.471092517183e-08 5e-08
e 64 61 89.9 61440 3.34625207517108e-07 5e-08
e 64 62 87.2 61440 1.23484444208917e-07 5e-08
e 64 63 86.1 61440 6.64359341816853e-08 5e-08
e 64 65 87.4 61440 8.93203214145353e-08 5e-08
e 64 66 87.6 61440 1.64598212204676e-07 5e-08
e 64 79 86.7 61440 5.0431930673917e-08 5e-08
e 64 80 86.9 61440 7.79852929092827e-08 5e-08
e 65 1 88.7 61440 1.12932598383968e-07 5e-08
e 65 12 89.4 61440 2.21102274263053e-07 5e-08
e 65 13 87.5 61440 6.69769542984238e-08 5e-08
e 65 14 88.6 61440 1.03117715382184e-07 5e-08
e 65 64 87.4 61440 8.93203214145353e-08 5e-08
e 65 66 89 61440 6.17339140410127e-08 5e-08
e 65 67 89.1 61440 1.14404870119115e-07 5e-08
e 65 69 89.2 61440 4.60295566737276e-07 5e-08
e 65 79 88.3 61440 8.95961283750081e-08 5e-08
e 65 80 87.3 61440 5.2740312751147e-08 5e-08
e 66 1 89.6 61440 2.66349129024587e-07 5e-08
e 66 13 88.2 61440 1.06934390199892e-07 5e-08
e 66 14 88.9 61440 6.49280338630646e-08 5e-08
e 66 53 87.6 61440 6.85217122739624e-08 5e-08
e 66 63 89.6 61440 2.05903212905809e-07 5e-08
e 66 64 87.6 61440 1.64598212204676e-07 5e-08
e 66 65 89 61440 6.17339140410127e-08 5e-08
e 66 67 88.9 61440 7.26143556721341e-08 5e-08
e 66 75 88.8 61440 1.1584077179957e-07 5e-08
e 66 79 89.2 61440 1.6590283412068e-07 5e-08
e 66 80 89.1 61440 7.27746359228783e-08 5e-08
e 67 1 89 61440 8.74503696858189e-07 5e-08
e 67 14 88.5 61440 5.31952494115688e-08 5e-08
e 67 15 88.7 61440 8.53941613927099e-08 5e-08
e 67 44 88.6 61440 2.00514330233707e-07 5e-08
e 67 53 88.2 61440 5.51704606323321e-08 5e-08
e 67 65 89.1 61440 1.14404870119115e-07 5e-08
e 67 66 88.9 61440 7.26143556721341e-08 5e-08
e 67 68 87.7 61440 6.24138919987372e-08 5e-08
e 67 69 88.4 61440 1.26033599490305e-07 5e-08
e 67 70 88.2 61440 1.04941431765258e-07 5e-08
e 67 71 89.9 61440 1.1117955121865e-07 5e-08
e 67 72 89.5 61440 1.485713839239e-07 5e-08
e 67 73 88.5 61440 1.26117082518564e-07 5e-08
e 67 74 87.4 61440 7.31798243067072e-08 5e-08
e 67 75 86.9 61440 6.17513652137627e-08 5e-08
e 67 76 88.2 61440 6.66683851976754e-08 5e-08
e 67 79 89.1 61440 5.78486916303097e-07 5e-08
e 67 80 88.7 61440 1.37277502747505e-07 5e-08
e 68 7 89.9 61440 4.07129354258469e-07 5e-08
e 68 8 89.1 61440 1.91487161797296e-07 5e-08
e 68 14 88.3 61440 7.781788290343e-08 5e-08
e 68 15 88.2 61440 5.58916009779881e-08 5e-08
e 68 16 89.6 61440 1.25622334769199e-07 5e-08
e 68 43 88.2 61440 1.77922342847769e-07 5e-08
e 68 44 88.2 61440 1.00694109489354e-07 5e-08
e 68 45 88.5 61440 1.19696770641783e-07 5e-08
e 68 53 88.4 61440 8.36074415195082e-08 5e-08
e 68 54 89.9 61440 2.68824430960512e-07 5e-08
e 68 61 89.5 61440 8.93051131421526e-07 5e-08
e 68 67 87.7 61440 6.24138919987372e-08 5e-08
e 68 69 88 61440 7.70064050031333e-08 5e-08
e 68 70 88 61440 7.07149992760021e-08 5e-08
e 68 71 88.9 61440 9.53336460087475e-08 5e-08
e 68 72 89.8 61440 1.18625722464875e-07 5e-08
e 68 73 89.1 61440 1.24703092324139e-07 5e-08
e 68 74 87.3 61440 6.11357918788885e-08 5e-08
e 68 75 88 61440 6.97920650272181e-08 5e-08
e 68 76 88.9 61440 9.5110560481705e-08 5e-08
e 69 4 89.4 61440 3.82358950430812e-07 5e-08
e 69 7 87.9 61440 1.13998071540723e-07 5e-08
e 69 8 88.5 61440 7.67711079155903e-08 5e-08
e 69 14 88.9 61440 2.05460162313884e-07 5e-08
e 69 15 86.9 61440 5.76771306077592e-08 5e-08
e 69 16 88.6 61440 1.8113535085347e-07 5e-08
e 69 22 89.8 61440 1.1921894797334e-06 5e-08
e 69 28 89.3 61440 2.04823725373235e-07 5e-08
e 69 29 88.1 61440 1.12911730680147e-07 5e-08
e 69 42 88.8 61440 2.14842123210035e-07 5e-08
e 69 43 88.2 61440 7.89070967712356e-08 5e-08
e 69 44 88.4 61440 6.27367685010028e-08 5e-08
e 69 45 87.8 61440 5.99390443215989e-08 5e-08
e 69 46 89.1 61440 9.83723287558213e-08 5e-08
e 69 53 89.5 61440 2.39885675578268e-07 5e-08
e 69 54 88.7 61440 8.83708632318608e-08 5e-08
e 69 55 89 61440 1.54439897758282e-07 5e-08
e 69 56 90 61440 4.19930865995622e-07 5e-08
e 69 65 89.2 61440 4.60295566737276e-07 5e-08
e 69 67 88.4 61440 1.26033599490305e-07 5e-08
e 69 68 88 61440 7.70064050031333e-08 5e-08
e 69 70 87.6 61440 6.62138067194435e-08 5e-08
e 69 71 88.8 61440 1.18605512813429e-07 5e-08
e 69 72 88.4 61440 1.51489321828027e-07 5e-08
e 69 73 88.3 61440 2.35986137866908e-07 5e-08
e 69 74 88.3 61440 8.93467722150372e-08 5e-08
e 69 75 88.6 61440 1.28340756557431e-07 5e-08
e 69 76 89.4 61440 2.80084251427676e-07 5e-08
e 70 7 88.5 61440 1.4965459568619e-07 5e-08
e 70 8 88.8 61440 1.26037706327263e-07 5e-08
e 70 14 88 61440 1.41743255326661e-07 5e-08
e 70 15 87.4 61440 6.22815571472114e-08 5e-08
e 70 16 87.4 61440 8.60308568127067e-08 5e-08
e 70 26 90 61440 1.86334369300816e-07 5e-08
e 70 28 89.4 61440 1.82298423444588e-07 5e-08
e 70 29 89.2 61440 1.31819410348199e-07 5e-08
e 70 43 88.7 61440 9.00668631611826e-08 5e-08
e 70 44 87 61440 6.03617813003199e-08 5e-08
e 70 45 88.3 61440 8.91386218421511e-08 5e-08
e 70 49 89.2 61440 5.24434588101131e-07 5e-08
e 70 50 89 61440 2.28838400929948e-07 5e-08
e 70 53 88.8 61440 1.55679831168557e-07 5e-08
e 70 54 88.4 61440 1.34020876076849e-07 5e-08
e 70 55 89.4 61440 3.25020339838855e-07 5e-08
e 70 67 88.2 61440 1.04941431765258e-07 5e-08
e 70 68 88 61440 7.07149992760021e-08 5e-08
e 70 69 87.6 61440 6.62138067194435e-08 5e-08
e 70 71 84.9 61440 6.82195928257839e-08 5e-08
e 70 72 86.3 61440 7.9050864651662e-08 5e-08
e 70 73 87.5 61440 9.83525708146373e-08 5e-08
e 70 74 87.4 61440 5.9909440016232e-08 5e-08
e 70 75 87.6 61440 8.59792553652175e-08 5e-08
e 70 76 88.4 61440 1.3132785573861e-07 5e-08
e 71 9 88.2 61440 1.10868226659767e-07 5e-08
e 71 14 89.6 61440 1.42119938643489e-07 5e-08
e 71 15 87.8 61440 1.00248251604976e-07 5e-08
e 71 16 85.9 61440 5.39033625230323e-08 5e-08
e 71 26 88.8 61440 1.08369246443322e-07 5e-08
e 71 27 87.8 61440 1.83994958395813e-07 5e-08
e 71 28 88.1 61440 2.93095438131902e-07 5e-08
e 71 43 86.1 61440 1.60216725558576e-07 5e-08
e 71 44 87 61440 9.56851347370194e-08 5e-08
e 71 45 87.6 61440 2.00855822565407e-07 5e-08
e 71 48 87.2 61440 2.09714123792364e-07 5e-08
e 71 49 86.8 61440 1.5836476070025e-07 5e-08
e 71 50 89.6 61440 9.9633330535999e-08 5e-08
e 71 53 89.8 61440 1.42795761211024e-07 5e-08
e 71 67 89.9 61440 1.1117955121865e-07 5e-08
e 71 68 88.9 61440 9.53336460087475e-08 5e-08
e 71 69 88.8 61440 1.18605512813429e-07 5e-08
e 71 70 84.9 61440 6.82195928257839e-08 5e-08
e 71 72 86.1 61440 5.24600479085782e-08 5e-08
e 71 73 85.5 61440 5.73827707688625e-08 5e-08
e 71 74 87.6 61440 6.17071599860412e-08 5e-08
e 71 75 88.4 61440 7.26729299576414e-08 5e-08
e 72 4 88.5 61440 2.87053369134495e-07 5e-08
e 72 9 88.3 61440 9.37810330783717e-08 5e-08
e 72 14 89.7 61440 2.15113754037228e-07 5e-08
e 72 15 89 61440 1.22061456150524e-07 5e-08
e 72 16 86.4 61440 5.04319591656133e-08 5e-08
e 72 26 86.9 61440 8.77213520780345e-08 5e-08
e 72 27 87.7 61440 1.29555313454436e-07 5e-08
e 72 28 89.1 61440 2.61558092718025e-07 5e-08
e 72 43 87.1 61440 1.76328903018819e-07 5e-08
e 72 44 87.8 61440 1.04277392312171e-07 5e-08
e 72 45 88.9 61440 2.5321973980666e-07 5e-08
e 72 48 87.7 61440 1.70445084221305e-07 5e-08
e 72 49 88.5 61440 1.25886968787118e-07 5e-08
e 72 50 87.6 61440 8.09131760437663e-08 5e-08
e 72 51 89 61440 1.60872104318454e-07 5e-08
e 72 53 89.6 61440 2.13199109136553e-07 5e-08
e 72 67 89.5 61440 1.485713839239e-07 5e-08
e 72 68 89.8 61440 1.18625722464875e-07 5e-08
e 72 69 88.4 61440 1.51489321828027e-07 5e-08
e 72 70 86.3 61440 7.9050864651662e-08 5e-08
e 72 71 86.1 61440 5.24600479085782e-08 5e-08
e 72 73 85.4 61440 5.59139815993269e-08 5e-08
e 72 74 87.9 61440 7.48663557580969e-08 5e-08
e 72 75 89 61440 8.78338503593166e-08 5e-08
e 73 9 87.4 61440 8.00027942756541e-08 5e-08
e 73 15 88.8 61440 1.5511132389862e-07 5e-08
e 73 16 84.9 61440 5.37877331806467e-08 5e-08
e 73 26 87.1 61440 1.07069660058822e-07 5e-08
e 73 27 88 61440 2.26450526538589e-07 5e-08
e 73 44 86.8 61440 1.5336039222913e-07 5e-08
e 73 48 88.9 61440 1.11125829980886e-07 5e-08
e 73 49 88.5 61440 9.74199821336063e-08 5e-08
e 73 50 86.4 61440 8.04043767162932e-08 5e-08
e 73 51 88 61440 1.55563152665165e-07 5e-08
e 73 67 88.5 61440 1.26117082518564e-07 5e-08
e 73 68 89.1 61440 1.24703092324139e-07 5e-08
e 73 69 88.3 61440 2.35986137866908e-07 5e-08
e 73 70 87.5 61440 9.83525708146373e-08 5e-08
e 73 71 85.5 61440 5.73827707688625e-08 5e-08
e 73 72 85.4 61440 5.59139815993269e-08 5e-08
e 73 74 87.1 61440 7.89460509577036e-08 5e-08
e 73 75 88.4 61440 7.81128132852469e-08 5e-08
e 73 76 89.4 61440 9.40695923736852e-08 5e-08
e 74 9 87.5 61440 2.29902655013028e-07 5e-08
e 74 14 88.2 61440 9.1337440288326e-08 5e-08
e 74 15 86.8 61440 6.79702251097254e-08 5e-08
e 74 16 88 61440 7.88207033257132e-08 5e-08
e 74 43 88.6 61440 1.54882709055803e-07 5e-08
e 74 44 88.7 61440 9.05352969498223e-08 5e-08
e 74 45 88.4 61440 1.37665160410265e-07 5e-08
e 74 48 89.8 61440 4.01888190699247e-07 5e-08
e 74 50 89.2 61440 2.0302037612401e-07 5e-08
e 74 53 88.2 61440 9.40847285456215e-08 5e-08
e 74 54 89.9 61440 3.14075121573418e-07 5e-08
e 74 67 87.4 61440 7.31798243067072e-08 5e-08
e 74 68 87.3 61440 6.11357918788885e-08 5e-08
e 74 69 88.3 61440 8.93467722150372e-08 5e-08
e 74 70 87.4 61440 5.9909440016232e-08 5e-08
e 74 71 87.6 61440 6.17071599860412e-08 5e-08
e 74 72 87.9 61440 7.48663557580969e-08 5e-08
e 74 73 87.1 61440 7.89460509577036e-08 5e-08
e 74 75 88.2 61440 5.81251002998221e-08 5e-08
e 74 76 88.4 61440 8.30129439851384e-08 5e-08
e 75 9 89.7 61440 2.08654921376391e-07 5e-08
e 75 14 87.6 61440 7.0063156390675e-08 5e-08
e 75 15 88.2 61440 9.04577509614639e-08 5e-08
e 75 26 89.6 61440 3.45813911123537e-07 5e-08
e 75 43 89.9 61440 3.5025927347639e-07 5e-08
e 75 44 88.4 61440 1.43828107966474e-07 5e-08
e 75 45 89.6 61440 2.98894887834375e-07 5e-08
e 75 48 89.8 61440 2.77622297981493e-07 5e-08
e 75 49 89.1 61440 2.42443060062715e-07 5e-08
e 75 50 88.6 61440 2.27658480926156e-07 5e-08
e 75 53 87.7 61440 6.96936800475748e-08 5e-08
e 75 66 88.8 61440 1.1584077179957e-07 5e-08
e 75 67 86.9 61440 6.17513652137627e-08 5e-08
e 75 68 88 61440 6.97920650272181e-08 5e-08
e 75 69 88.6 61440 1.28340756557431e-07 5e-08
e 75 70 87.6 61440 8.59792553652175e-08 5e-08
e 75 71 88.4 61440 7.26729299576414e-08 5e-08
e 75 72 89 61440 8.78338503593166e-08 5e-08
e 75 73 88.4 61440 7.81128132852469e-08 5e-08
e 75 74 88.2 61440 5.81251002998221e-08 5e-08
e 75 76 88 61440 5.8382506267392e-08 5e-08
e 76 9 88.6 61440 2.37740938714324e-07 5e-08
e 76 14 88.7 61440 6.4964722680907e-08 5e-08
e 76 15 88.4 61440 1.32830704595217e-07 5e-08
e 76 48 89.7 61440 2.26743750146366e-07 5e-08
e 76 49 88.5 61440 2.18615658950984e-07 5e-08
e 76 50 89.3 61440 3.13675514987521e-07 5e-08
e 76 53 88.6 61440 6.14439303596129e-08 5e-08
e 76 67 88.2 61440 6.66683851976754e-08 5e-08
e 76 68 88.9 61440 9.5110560481705e-08 5e-08
e 76 69 89.4 61440 2.80084251427676e-07 5e-08
e 76 70 88.4 61440 1.3132785573861e-07 5e-08
e 76 73 89.4 61440 9.40695923736852e-08 5e-08
e 76 74 88.4 61440 8.30129439851384e-08 5e-08
e 76 75 88 61440 5.8382506267392e-08 5e-08
e 77 2 86.3 61440 2.02756788693365e-07 5e-08
e 77 5 86.1 61440 5.26187883682306e-08 5e-08
e 77 17 85.3 61440 5.43114516348509e-08 5e-08
e 77 19 89.8 61440 4.727148652797e-07 5e-08
e 77 31 88.3 61440 1.2453536929753e-07 5e-08
e 77 32 87 61440 8.69688423561956e-08 5e-08
e 77 33 87.4 61440 9.68106013354976e-08 5e-08
e 77 35 84.6 61440 8.10742541306541e-08 5e-08
e 77 36 84.3 61440 7.03187911973104e-08 5e-08
e 77 37 86.4 61440 5.94598372474296e-08 5e-08
e 77 78 87.5 61440 7.61399498620913e-08 5e-08
e 77 81 88.2 61440 1.03561868109565e-07 5e-08
e 77 82 87.1 61440 7.07599944184389e-08 5e-08
e 78 2 88.2 61440 1.92092589913881e-07 5e-08
e 78 5 86.3 61440 6.22353556590917e-08 5e-08
e 78 17 88.2 61440 1.01669891196791e-07 5e-08
e 78 35 89.1 61440 1.95260796544039e-07 5e-08
e 78 36 86.4 61440 6.71587950202856e-08 5e-08
e 78 37 85.9 61440 5.571200966624e-08 5e-08
e 78 77 87.5 61440 7.61399498620913e-08 5e-08
e 78 81 87.3 61440 9.98756101414802e-08 5e-08
e 78 82 85 61440 6.69701587858416e-08 5e-08
e 79 1 86.7 61440 5.28066689075589e-08 5e-08
e 79 12 86.8 61440 9.94668447901535e-08 5e-08
e 79 13 87.2 61440 5.47746765413538e-08 5e-08
e 79 61 89.3 61440 2.77936588789333e-07 5e-08
e 79 62 87.1 61440 1.12652936362138e-07 5e-08
e 79 63 85.8 61440 6.15398985253102e-08 5e-08
e 79 64 86.7 61440 5.0431930673917e-08 5e-08
e 79 65 88.3 61440 8.95961283750081e-08 5e-08
e 79 66 89.2 61440 1.6590283412068e-07 5e-08
e 79 67 89.1 61440 5.78486916303097e-07 5e-08
e 79 80 87.1 61440 7.66898866409776e-08 5e-08
e 80 1 88.4 61440 9.68042447888025e-08 5e-08
e 80 12 89.3 61440 1.37484370349898e-07 5e-08
e 80 13 86.9 61440 5.99018398992157e-08 5e-08
e 80 14 88.7 61440 1.23230585187986e-07 5e-08
e 80 53 89 61440 1.37386702116665e-07 5e-08
e 80 63 87.9 61440 8.30072660183831e-08 5e-08
e 80 64 86.9 61440 7.79852929092827e-08 5e-08
e 80 65 87.3 61440 5.2740312751147e-08 5e-08
e 80 66 89.1 61440 7.27746359228783e-08 5e-08
e 80 67 88.7 61440 1.37277502747505e-07 5e-08
e 80 79 87.1 61440 7.66898866409776e-08 5e-08
e 81 2 85.7 61440 6.0743072466084e-08 5e-08
e 81 4 88.7 61440 2.14386240096079e-07 5e-08
e 81 5 88.3 61440 9.79265399451483e-08 5e-08
e 81 17 87.8 61440 1.18978664902968e-07 5e-08
e 81 18 87.7 61440 9.58963258180069e-08 5e-08
e 81 19 88.2 61440 9.73518586506474e-08 5e-08
e 81 20 87.6 61440 1.14545404153939e-07 5e-08
e 81 28 89.9 61440 3.99396958076614e-07 5e-08
e 81 30 87.9 61440 1.250624593956e-07 5e-08
e 81 31 86.9 61440 1.07350247148068e-07 5e-08
e 81 32 88.4 61440 1.15394384406002e-07 5e-08
e 81 36 87.9 61440 1.90277497496533e-07 5e-08
e 81 37 88 61440 8.31179922484589e-08 5e-08
e 81 77 88.2 61440 1.03561868109565e-07 5e-08
e 81 78 87.3 61440 9.98756101414802e-08 5e-08
e 81 82 85.6 61440 6.03711048148655e-08 5e-08
e 82 2 88.2 61440 9.22243857159364e-08 5e-08
e 82 4 88.6 61440 4.18803139162241e-07 5e-08
e 82 5 86 61440 6.45293177816245e-08 5e-08
e 82 17 87.3 61440 8.66986202149975e-08 5e-08
e 82 18 88.4 61440 1.73494559867585e-07 5e-08
e 82 19 89.3 61440 1.81752262522265e-07 5e-08
e 82 20 87.8 61440 2.33086756773941e-07 5e-08
e 82 30 87.9 61440 2.16415120289529e-07 5e-08
e 82 31 88.2 61440 1.21557092527048e-07 5e-08
e 82 32 88.7 61440 1.07803798175597e-07 5e-08
e 82 33 89.4 61440 1.90147116495794e-07 5e-08
e 82 35 88.9 61440 1.80149069524504e-07 5e-08
e 82 36 87.2 61440 9.86057047587006e-08 5e-08
e 82 37 85.7 61440 5.64232823285677e-08 5e-08
e 82 77 87.1 61440 7.07599944184389e-08 5e-08
e 82 78 85 61440 6.69701587858416e-08 5e-08
e 82 81 85.6 61440 6.03711048148655e-08 5e-08
initial_energy 1 0.5
initial_energy 2 0.5
initial_energy 3 0.5
initial_energy 4 0.5
initial_energy 5 0.5
initial_energy 6 0.5
initial_energy 7 0.5
initial_energy 8 0.5
initial_energy 9 0.5
initial_energy 10 0.5
initial_energy 11 0.5
initial_energy 12 0.5
initial_energy 13 0.5
initial_energy 14 0.5
initial_energy 15 0.5
initial_energy 16 0.5
initial_energy 17 0.5
initial_energy 18 0.5
initial_energy 19 0.5
initial_energy 20 0.5
initial_energy 21 0.5
initial_energy 22 0.5
initial_energy 23 0.5
initial_energy 24 0.5
initial_energy 25 0.5
initial_energy 26 0.5
initial_energy 27 0.5
initial_energy 28 0.5
initial_energy 29 0.5
initial_energy 30 0.5
initial_energy 31 0.5
initial_energy 32 0.5
initial_energy 33 0.5
initial_energy 34 0.5
initial_energy 35 0.5
initial_energy 36 0.5
initial_energy 37 0.5
initial_energy 38 0.5
initial_energy 39 0.5
initial_energy 40 0.5
initial_energy 41 0.5
initial_energy 42 0.5
initial_energy 43 0.5
initial_energy 44 0.5
initial_energy 45 0.5
initial_energy 46 0.5
initial_energy 47 0.5
initial_energy 48 0.5
initial_energy 49 0.5
initial_energy 50 0.5
initial_energy 51 0.5
initial_energy 52 0.5
initial_energy 53 0.5
initial_energy 54 0.5
initial_energy 55 0.5
initial_energy 56 0.5
initial_energy 57 0.5
initial_energy 58 0.5
initial_energy 59 0.5
initial_energy 60 0.5
initial_energy 61 0.5
initial_energy 62 0.5
initial_energy 63 0.5
initial_energy 64 0.5
initial_energy 65 0.5
initial_energy 66 0.5
initial_energy 67 0.5
initial_energy 68 0.5
initial_energy 69 0.5
initial_energy 70 0.5
initial_energy 71 0.5
initial_energy 72 0.5
initial_energy 73 0.5
initial_energy 74 0.5
initial_energy 75 0.5
initial_energy 76 0.5
initial_energy 77 0.5
initial_energy 78 0.5
initial_energy 79 0.5
initial_energy 80 0.5
initial_energy 81 0.5
initial_energy 82 0.5
packet_size 4096
num_disjoints 2
